98.7, 0.9021987318992615
97.6, 10.949420928955078
98.56, 30.98161506652832
98.42, 82.24459075927734
98.6, 70.40231323242188
98.26, 31.685243606567383
97.68, 26.354928970336914
98.76, 467.8167724609375
98.88, 369.7828674316406
98.48, 344.3218994140625
98.88, 49.389564514160156
98.14, 34.9935417175293
96.38, 69.10399627685547
99.1, 44.175010681152344
98.34, 40.279754638671875
98.76, 7.654513835906982
98.46, 13.783275604248047
98.24, 15.977869033813477
98.34, 4.580885887145996
98.42, 8.513099670410156
98.7, 46.223140716552734
97.6, 56.973045349121094
98.56, 62.11310958862305
98.42, 91.87992095947266
98.6, 53.860313415527344
98.26, 19.538267135620117
97.68, 13.71695327758789
98.76, 168.5723419189453
98.88, 166.70761108398438
98.48, 192.9556884765625
98.88, 35.24846267700195
98.14, 31.17371940612793
96.38, 75.93701934814453
99.1, 61.85432815551758
98.34, 71.05272674560547
98.76, 15.356019973754883
98.46, 31.611116409301758
98.24, 37.362003326416016
98.34, 9.756331443786621
98.42, 17.019968032836914
98.7, 89.15398406982422
97.6, 96.66889190673828
98.56, 89.3864517211914
98.42, 109.63432312011719
98.6, 53.86326217651367
98.26, 18.091371536254883
97.68, 12.066802978515625
98.76, 100.89398956298828
98.88, 110.38067626953125
98.48, 153.54576110839844
98.88, 35.920753479003906
98.14, 37.850074768066406
96.38, 108.19267272949219
99.1, 100.09703826904297
98.34, 123.75361633300781
98.76, 25.507326126098633
98.46, 53.42163848876953
98.24, 62.095603942871094
98.34, 14.926294326782227
98.42, 26.14801025390625
98.7, 138.74830627441406
97.6, 136.42672729492188
98.56, 108.74993133544922
98.42, 113.5011978149414
98.6, 49.51224136352539
98.26, 16.484682083129883
97.68, 11.166720390319824
98.76, 63.74515151977539
98.88, 65.11280059814453
98.48, 87.93531799316406
98.88, 25.449365615844727
98.14, 28.53972053527832
96.38, 80.84814453125
99.1, 82.23548126220703
98.34, 111.47445678710938
98.76, 26.931367874145508
98.46, 59.676700592041016
98.24, 74.75489044189453
98.34, 19.093093872070312
98.42, 34.906864166259766
98.7, 196.4168243408203
97.6, 181.39425659179688
98.56, 129.5688934326172
98.42, 119.91344451904297
98.6, 47.862789154052734
98.26, 16.225631713867188
97.68, 11.340301513671875
98.76, 45.32794189453125
98.88, 42.54398727416992
98.48, 52.04094314575195
98.88, 17.727584838867188
98.14, 18.71895408630371
96.38, 41.93648147583008
99.1, 41.4594841003418
98.34, 53.6874885559082
98.76, 17.501100540161133
98.46, 32.67500686645508
98.24, 40.28602600097656
98.34, 14.50672721862793
98.42, 22.426315307617188
98.7, 102.09275817871094
97.6, 111.258544921875
98.56, 102.36805725097656
98.42, 121.48906707763672
98.6, 60.56035614013672
98.26, 23.068317413330078
97.68, 17.0241756439209
98.76, 98.91970825195312
98.88, 105.03392028808594
98.48, 142.40415954589844
98.88, 38.53694534301758
98.14, 40.99234390258789
96.38, 107.61627197265625
99.1, 101.51372528076172
98.34, 125.42633056640625
98.76, 30.68636131286621
98.46, 58.4855842590332
98.24, 67.41837310791016
98.34, 20.303178787231445
98.42, 31.34577178955078
98.7, 141.5008544921875
97.6, 138.43319702148438
98.56, 111.7396011352539
98.42, 116.5679931640625
98.6, 54.23881149291992
98.26, 21.789409637451172
97.68, 16.62773895263672
98.76, 67.56683349609375
98.88, 68.26557159423828
98.48, 88.96549987792969
98.88, 29.58598518371582
98.14, 32.03343963623047
96.38, 77.36258697509766
99.1, 77.20854949951172
98.34, 100.47769165039062
98.76, 29.601654052734375
98.46, 56.743961334228516
98.24, 69.04376983642578
98.34, 22.836471557617188
98.42, 35.74795913696289
98.7, 165.23667907714844
97.6, 162.64308166503906
98.56, 128.12367248535156
98.42, 128.52313232421875
98.6, 58.1220588684082
98.26, 23.700578689575195
97.68, 18.297361373901367
98.76, 64.29141235351562
98.88, 62.848514556884766
98.48, 78.43997955322266
98.88, 28.268125534057617
98.14, 29.827165603637695
96.38, 64.61744689941406
99.1, 63.56787109375
98.34, 80.53658294677734
98.76, 27.361181259155273
98.46, 47.9565544128418
98.24, 57.20609664916992
98.34, 22.45087242126465
98.42, 32.330169677734375
98.7, 129.85621643066406
97.6, 135.22059631347656
98.56, 117.24571990966797
98.42, 128.88772583007812
98.6, 63.939178466796875
98.26, 27.830810546875
97.68, 21.96379852294922
98.76, 84.86133575439453
98.88, 86.39595794677734
98.48, 111.88034057617188
98.88, 37.74579620361328
98.14, 40.066707611083984
96.38, 91.72592163085938
99.1, 89.10005187988281
98.34, 111.3802719116211
98.76, 34.6284294128418
98.46, 60.930850982666016
98.24, 70.88433837890625
98.34, 26.508852005004883
98.42, 37.89799499511719
98.7, 148.6251983642578
97.6, 147.8170928955078
98.56, 121.38882446289062
98.42, 125.91389465332031
98.6, 61.759361267089844
98.26, 28.44802474975586
97.68, 23.045507431030273
98.76, 72.3354263305664
98.88, 71.85688781738281
98.48, 89.87737274169922
98.88, 34.5677490234375
98.14, 36.341426849365234
96.38, 75.06985473632812
99.1, 73.73148345947266
98.34, 91.99287414550781
98.76, 33.288509368896484
98.46, 55.160709381103516
98.24, 64.49394989013672
98.34, 27.508989334106445
98.42, 37.71925735473633
98.7, 136.4534454345703
97.6, 139.67135620117188
98.56, 119.64396667480469
98.42, 128.80189514160156
98.6, 66.17543029785156
98.26, 31.760059356689453
97.68, 26.18532371520996
98.76, 82.92306518554688
98.88, 83.58032989501953
98.48, 105.32991027832031
98.88, 40.115577697753906
98.14, 42.121177673339844
96.38, 87.17142486572266
99.1, 84.95567321777344
98.34, 104.51786804199219
98.76, 37.533321380615234
98.46, 61.10650634765625
98.24, 70.29488372802734
98.34, 30.552806854248047
98.42, 40.97330093383789
98.7, 140.46250915527344
97.6, 141.5233154296875
98.56, 119.77372741699219
98.42, 126.47834014892578
98.6, 66.14826965332031
98.26, 33.63914108276367
97.68, 28.305540084838867
98.76, 79.17942810058594
98.88, 79.18705749511719
98.48, 97.96512603759766
98.88, 40.62679672241211
98.14, 42.40046691894531
96.38, 82.08683776855469
99.1, 80.37117004394531
98.34, 98.17159271240234
98.76, 38.884559631347656
98.46, 60.39057922363281
98.24, 69.1695785522461
98.34, 32.814334869384766
98.42, 42.71240234375
98.7, 135.89425659179688
97.6, 138.11102294921875
98.56, 118.78694152832031
98.42, 126.4808120727539
98.6, 68.4388656616211
98.26, 36.604400634765625
97.68, 31.323881149291992
98.76, 82.79975891113281
98.88, 83.1549072265625
98.48, 102.48379516601562
98.88, 44.0677375793457
98.14, 45.86473846435547
96.38, 86.0961685180664
99.1, 84.1679458618164
98.34, 101.76360321044922
98.76, 42.08287048339844
98.46, 63.30515670776367
98.24, 71.72655487060547
98.34, 35.83457565307617
98.42, 45.53422546386719
98.7, 135.52659606933594
97.6, 137.0963592529297
98.56, 118.08403015136719
98.42, 124.9467544555664
98.6, 69.61613464355469
98.26, 39.35493087768555
97.68, 34.24086380004883
98.76, 82.6407241821289
98.88, 82.85509490966797
98.48, 100.82917022705078
98.88, 46.365299224853516
98.14, 48.06060028076172
96.38, 85.62130737304688
99.1, 83.90641021728516
98.34, 100.47295379638672
98.76, 44.74760437011719
98.46, 64.7467041015625
98.24, 72.78470611572266
98.34, 38.89274597167969
98.42, 48.24868392944336
98.7, 133.27566528320312
97.6, 135.0165252685547
98.56, 117.31537628173828
98.42, 124.06462097167969
98.6, 71.55529022216797
98.26, 42.61408233642578
97.68, 37.62622833251953
98.76, 84.2523193359375
98.88, 84.51939392089844
98.48, 101.78785705566406
98.88, 49.56660842895508
98.14, 51.194915771484375
96.38, 87.09501647949219
99.1, 85.41719818115234
98.34, 101.12934875488281
98.76, 48.059722900390625
98.46, 67.03404998779297
98.24, 74.61881256103516
98.34, 42.37409973144531
98.42, 51.406585693359375
98.7, 131.32406616210938
97.6, 132.89242553710938
98.56, 116.3024673461914
98.42, 122.6046142578125
98.6, 73.4032211303711
98.26, 46.14854049682617
97.68, 41.31462097167969
98.76, 85.27482604980469
98.88, 85.52629852294922
98.48, 101.68392944335938
98.88, 52.87775421142578
98.14, 54.422645568847656
96.38, 87.96508026123047
99.1, 86.42530059814453
98.34, 101.11016082763672
98.76, 51.643402099609375
98.46, 69.3702621459961
98.24, 76.48045349121094
98.34, 46.21607971191406
98.42, 54.91106414794922
98.7, 129.20379638671875
97.6, 130.67718505859375
98.56, 115.34326171875
98.42, 121.19068145751953
98.6, 75.54429626464844
98.26, 50.08978271484375
97.68, 45.41062927246094
98.76, 86.51560974121094
98.88, 86.7431869506836
98.48, 101.68262481689453
98.88, 56.591346740722656
98.14, 58.03862380981445
96.38, 88.97048950195312
99.1, 87.56452178955078
98.34, 101.08602142333984
98.76, 55.61469268798828
98.46, 71.9450454711914
98.24, 78.50931549072266
98.34, 50.440765380859375
98.42, 58.76390075683594
98.7, 126.70709991455078
97.6, 128.0681915283203
98.56, 114.15400695800781
98.42, 119.49870300292969
98.6, 77.8686752319336
98.26, 54.440704345703125
97.68, 49.92983627319336
98.76, 87.83934783935547
98.88, 88.045654296875
98.48, 101.66905212402344
98.88, 60.69831466674805
98.14, 62.037235260009766
96.38, 90.07486724853516
99.1, 88.82726287841797
98.34, 101.08441162109375
98.76, 60.01742935180664
98.46, 74.80513763427734
98.24, 80.78163146972656
98.34, 55.1027946472168
98.42, 63.04817199707031
98.7, 124.1684341430664
97.6, 125.3789291381836
98.56, 112.91708374023438
98.42, 117.64442443847656
98.6, 80.36578369140625
98.26, 59.18910598754883
97.68, 54.84480667114258
98.76, 89.11524200439453
98.88, 89.27286529541016
98.48, 101.35794830322266
98.88, 65.13571166992188
98.14, 66.3506088256836
96.38, 91.08731079101562
99.1, 90.02261352539062
98.34, 100.88475036621094
98.76, 64.77635192871094
98.46, 77.86125946044922
98.24, 83.19245910644531
98.34, 60.1082763671875
98.42, 67.65831756591797
98.7, 121.36566925048828
97.6, 122.40638732910156
98.56, 111.50325012207031
98.42, 115.55093383789062
98.6, 83.00223541259766
98.26, 64.2815170288086
97.68, 60.1083984375
98.76, 90.33767700195312
98.88, 90.4411392211914
98.48, 101.04772186279297
98.88, 69.83057403564453
98.14, 70.90009307861328
96.38, 92.09844970703125
99.1, 91.24598693847656
98.34, 100.79447937011719
98.76, 69.80767822265625
98.46, 81.00908660888672
98.24, 85.65040588378906
98.34, 65.41156768798828
98.42, 72.540283203125
98.7, 118.56523895263672
97.6, 119.4040298461914
98.56, 110.07266998291016
98.42, 113.34209442138672
98.6, 85.79264831542969
98.26, 69.56835174560547
97.68, 65.54257202148438
98.76, 91.67410278320312
98.88, 91.70089721679688
98.48, 100.56805419921875
98.88, 74.78350067138672
98.14, 75.72406005859375
96.38, 93.17334747314453
99.1, 92.52608489990234
98.34, 100.42037963867188
98.76, 74.9805679321289
98.46, 84.49022674560547
98.24, 88.443115234375
98.34, 70.74188995361328
98.42, 77.48664855957031
98.7, 115.97615814208984
97.6, 116.56892395019531
98.56, 108.53917694091797
98.42, 110.60847473144531
98.6, 88.10787200927734
98.26, 74.84236145019531
97.68, 70.95732879638672
98.76, 91.56356811523438
98.88, 91.40221405029297
98.48, 98.23001861572266
98.88, 79.17124938964844
98.14, 79.96627044677734
96.38, 93.40192413330078
99.1, 93.17610168457031
98.34, 99.91596984863281
98.76, 80.04561614990234
98.46, 87.53804779052734
98.24, 90.85103607177734
98.34, 76.2655258178711
98.42, 82.54067993164062
98.7, 114.41725158691406
97.6, 114.84443664550781
98.56, 107.66529083251953
98.42, 108.97083282470703
98.6, 90.86560821533203
98.26, 80.02742767333984
97.68, 76.21955108642578
98.76, 92.94925689697266
98.88, 92.81632995605469
98.48, 97.96881866455078
98.88, 83.9134750366211
98.14, 84.5853042602539
96.38, 95.00531768798828
99.1, 94.89945983886719
98.34, 100.12133026123047
98.76, 84.68480682373047
98.46, 90.5885238647461
98.24, 93.30646514892578
98.34, 80.48731994628906
98.42, 86.52745819091797
98.7, 111.5567855834961
97.6, 110.38317108154297
98.56, 103.02719116210938
98.42, 101.22116088867188
98.6, 89.79067993164062
98.26, 83.79228210449219
97.68, 80.51730346679688
98.76, 87.9483642578125
98.88, 88.32325744628906
98.48, 91.83128356933594
98.88, 87.7684555053711
98.14, 89.25112915039062
96.38, 98.52445220947266
99.1, 100.00566864013672
98.34, 105.96167755126953
98.76, 90.8027572631836
98.46, 96.38163757324219
98.24, 98.73939514160156
98.34, 86.07777404785156
98.42, 92.15193176269531
98.7, 113.99393463134766
97.6, 112.01640319824219
98.56, 104.72736358642578
98.42, 101.64793395996094
98.6, 92.1945571899414
98.26, 88.135498046875
97.68, 84.75220489501953
98.76, 86.69049072265625
98.88, 86.30142211914062
98.48, 86.99217987060547
98.88, 90.28020477294922
98.14, 91.5449447631836
96.38, 96.67028045654297
99.1, 98.62678527832031
98.34, 103.4715347290039
98.76, 93.74147033691406
98.46, 98.24199676513672
98.24, 100.1031723022461
98.34, 88.65619659423828
98.42, 94.72014617919922
98.7, 111.86257934570312
97.6, 109.46611785888672
98.56, 102.73084259033203
98.42, 98.81292724609375
98.6, 92.87191009521484
98.26, 89.79853057861328
97.68, 86.585205078125
98.76, 86.32254028320312
98.88, 86.79519653320312
98.48, 88.24739074707031
98.88, 93.5557861328125
98.14, 95.05796813964844
96.38, 100.12244415283203
99.1, 101.72618103027344
98.34, 105.69104766845703
98.76, 96.40914154052734
98.46, 100.38420104980469
98.24, 101.6048355102539
98.34, 91.38276672363281
98.42, 96.8182601928711
98.7, 108.28758239746094
97.6, 106.90535736083984
98.56, 102.62322235107422
98.42, 100.94401550292969
98.6, 96.37089538574219
98.26, 92.9789810180664
97.68, 89.48609924316406
98.76, 92.1588134765625
98.88, 91.47066497802734
98.48, 91.03321838378906
98.88, 94.73994445800781
98.14, 95.03518676757812
96.38, 94.35220336914062
99.1, 95.46228790283203
98.34, 97.39219665527344
98.76, 96.51757049560547
98.46, 98.00830078125
98.24, 99.22172546386719
98.34, 92.33645629882812
98.42, 97.52716064453125
98.7, 106.00887298583984
97.6, 105.84085845947266
98.56, 103.04907989501953
98.42, 101.80598449707031
98.6, 98.10173034667969
98.26, 94.72099304199219
97.68, 91.25645446777344
98.76, 95.64115142822266
98.88, 95.1072006225586
98.48, 94.60244750976562
98.88, 97.08220672607422
98.14, 97.21401977539062
96.38, 96.02083587646484
99.1, 96.42987060546875
98.34, 96.63777160644531
98.76, 97.72663879394531
98.46, 98.54329681396484
98.24, 98.92125701904297
98.34, 93.48140716552734
98.42, 98.31588745117188
98.7, 101.00325775146484
97.6, 101.225830078125
98.56, 100.44108581542969
98.42, 99.99748229980469
98.6, 99.21397399902344
98.26, 96.13126373291016
97.68, 92.64556884765625
98.76, 97.62640380859375
98.88, 97.3061752319336
98.48, 96.47481536865234
98.88, 98.65877532958984
98.14, 98.6941909790039
96.38, 97.53428649902344
99.1, 97.48273468017578
98.34, 97.01531982421875
98.76, 98.7594985961914
98.46, 98.87757110595703
98.24, 98.81512451171875
98.34, 94.40811157226562
98.42, 98.89872741699219
98.7, 98.24030303955078
97.6, 98.58349609375
98.56, 98.74996948242188
98.42, 98.69035339355469
98.6, 99.53778076171875
98.26, 97.11949920654297
97.68, 93.64317321777344
98.76, 99.12625885009766
98.88, 99.09324645996094
98.48, 98.61309051513672
98.88, 99.72135162353516
98.14, 99.664794921875
96.38, 98.63509368896484
99.1, 98.20423126220703
98.34, 97.29841613769531
98.76, 99.28365325927734
98.46, 98.87157440185547
98.24, 98.47213745117188
98.34, 94.93468475341797
98.42, 99.04242706298828
98.7, 96.21249389648438
97.6, 96.66600036621094
98.56, 97.42974090576172
98.42, 97.80455017089844
98.6, 99.58883666992188
98.26, 97.69984436035156
97.68, 94.22874450683594
98.76, 100.24362182617188
98.88, 100.4634780883789
98.48, 100.56041717529297
98.88, 100.30806732177734
98.14, 100.17676544189453
96.38, 99.37760162353516
99.1, 98.69026184082031
98.34, 97.6290054321289
98.76, 99.3909683227539
98.46, 98.62220001220703
98.24, 97.97351837158203
98.34, 95.10724639892578
98.42, 98.8683853149414
98.7, 95.02857208251953
97.6, 95.56140899658203
98.56, 96.58599853515625
98.42, 97.34030151367188
98.6, 99.28788757324219
98.26, 97.86688232421875
97.68, 94.4459457397461
98.76, 100.64178466796875
98.88, 101.04161071777344
98.48, 101.85467529296875
98.88, 100.48057556152344
98.14, 100.33350372314453
96.38, 99.93484497070312
99.1, 99.1312026977539
98.34, 98.41272735595703
98.76, 99.35075378417969
98.46, 98.42613220214844
98.24, 97.66384887695312
98.34, 95.10369873046875
98.42, 98.65924072265625
98.7, 94.66716766357422
97.6, 95.1467514038086
98.56, 96.24243927001953
98.42, 97.0504379272461
98.6, 98.886474609375
98.26, 97.81230926513672
97.68, 94.47014617919922
98.76, 100.57550048828125
98.88, 101.08039093017578
98.48, 102.29454040527344
98.88, 100.43824768066406
98.14, 100.31758117675781
96.38, 100.29551696777344
99.1, 99.46922302246094
98.34, 98.85731506347656
98.76, 99.30824279785156
98.46, 98.36971282958984
98.24, 97.60204315185547
98.34, 95.0941390991211
98.42, 98.55701446533203
98.7, 94.68112182617188
97.6, 95.0832748413086
98.56, 96.12262725830078
98.42, 96.88736724853516
98.6, 98.66304779052734
98.26, 97.73692321777344
97.68, 94.461669921875
98.76, 100.43305969238281
98.88, 100.9610824584961
98.48, 102.23248291015625
98.88, 100.33790588378906
98.14, 100.24445343017578
96.38, 100.36743927001953
99.1, 99.58694458007812
98.34, 99.07450866699219
98.76, 99.27792358398438
98.46, 98.38643646240234
98.24, 97.65086364746094
98.34, 95.1021499633789
98.42, 98.52960205078125
98.7, 94.9485855102539
97.6, 95.27694702148438
98.56, 96.1890869140625
98.42, 96.86027526855469
98.6, 98.51973724365234
98.26, 97.67440795898438
97.68, 94.46097564697266
98.76, 100.16682434082031
98.88, 100.67562103271484
98.48, 101.90589141845703
98.88, 100.21431732177734
98.14, 100.14857482910156
96.38, 100.28138732910156
99.1, 99.5770263671875
98.34, 99.15534973144531
98.76, 99.27689361572266
98.46, 98.43437194824219
98.24, 97.74874877929688
98.34, 95.16444396972656
98.42, 98.56639862060547
98.7, 95.3133316040039
97.6, 95.58257293701172
98.56, 96.35540771484375
98.42, 96.92440795898438
98.6, 98.45059204101562
98.26, 97.67285919189453
97.68, 94.50791931152344
98.76, 99.90218353271484
98.88, 100.37164306640625
98.48, 101.51374816894531
98.88, 100.10601806640625
98.14, 100.059326171875
96.38, 100.11662292480469
99.1, 99.48393249511719
98.34, 99.11859130859375
98.76, 99.29290008544922
98.46, 98.4665298461914
98.24, 97.82965850830078
98.34, 95.27246856689453
98.42, 98.63072967529297
98.7, 95.62422180175781
97.6, 95.86354064941406
98.56, 96.53570556640625
98.42, 97.03118896484375
98.6, 98.4410629272461
98.26, 97.73299407958984
97.68, 94.60435485839844
98.76, 99.72666931152344
98.88, 100.1566390991211
98.48, 101.21306610107422
98.88, 100.03675079345703
98.14, 99.99783325195312
96.38, 99.95753479003906
99.1, 99.371826171875
98.34, 99.02459716796875
98.76, 99.3116226196289
98.46, 98.46676635742188
98.24, 97.86499786376953
98.34, 95.39861297607422
98.42, 98.68763732910156
98.7, 95.80696868896484
97.6, 96.04081726074219
98.56, 96.6666030883789
98.42, 97.12843322753906
98.6, 98.45964050292969
98.26, 97.82624816894531
97.68, 94.7278060913086
98.76, 99.65607452392578
98.88, 100.05918884277344
98.48, 101.06094360351562
98.88, 100.00506591796875
98.14, 99.96576690673828
96.38, 99.8516616821289
99.1, 99.28533935546875
98.34, 98.93073272705078
98.76, 99.3221664428711
98.46, 98.43938446044922
98.24, 97.85726165771484
98.34, 95.51709747314453
98.42, 98.71837615966797
98.7, 95.86754608154297
97.6, 96.10966491699219
98.56, 96.73218536376953
98.42, 97.1932144165039
98.6, 98.48060607910156
98.26, 97.92117309570312
97.68, 94.85264587402344
98.76, 99.66310119628906
98.88, 100.05443572998047
98.48, 101.03704071044922
98.88, 99.99537658691406
98.14, 99.95173645019531
96.38, 99.80290222167969
99.1, 99.23563385009766
98.34, 98.86312103271484
98.76, 99.31864929199219
98.46, 98.39527893066406
98.24, 97.82054138183594
98.34, 95.61351776123047
98.42, 98.72014617919922
98.7, 95.84860229492188
97.6, 96.10460662841797
98.56, 96.74763488769531
98.42, 97.22776794433594
98.6, 98.4921646118164
98.26, 97.99884796142578
97.68, 94.9627685546875
98.76, 99.7110366821289
98.88, 100.10184478759766
98.48, 101.09192657470703
98.88, 99.99281311035156
98.14, 99.9441909790039
96.38, 99.79429626464844
99.1, 99.21527862548828
98.34, 98.82450103759766
98.76, 99.30229187011719
98.46, 98.34529113769531
98.24, 97.7707748413086
98.34, 95.68497467041016
98.42, 98.69966125488281
98.7, 95.7948989868164
97.6, 96.06439971923828
98.56, 96.73528289794922
98.42, 97.24227905273438
98.6, 98.49240112304688
98.26, 98.0541000366211
97.68, 95.05278015136719
98.76, 99.76931762695312
98.88, 100.16576385498047
98.48, 101.17770385742188
98.88, 99.98888397216797
98.14, 99.93653106689453
96.38, 99.8067398071289
99.1, 99.21320343017578
98.34, 98.80952453613281
98.76, 99.27777862548828
98.46, 98.29812622070312
98.24, 97.72169494628906
98.34, 95.73577880859375
98.42, 98.66720581054688
98.7, 95.73931121826172
97.6, 96.01835632324219
98.56, 96.7132339477539
98.42, 97.24567413330078
98.6, 98.48355102539062
98.26, 98.08846282958984
97.68, 95.12406921386719
98.76, 99.81720733642578
98.88, 100.22111511230469
98.48, 101.25871276855469
98.88, 99.98033905029297
98.14, 99.9264144897461
96.38, 99.82548522949219
99.1, 99.22021484375
98.34, 98.81143951416016
98.76, 99.25088500976562
98.46, 98.26020050048828
98.24, 97.68307495117188
98.34, 95.77300262451172
98.42, 98.63262939453125
98.7, 95.70173645019531
97.6, 95.98468017578125
98.56, 96.6934585571289
98.42, 97.24409484863281
98.6, 98.46883392333984
98.26, 98.10697937011719
97.68, 95.1810073852539
98.76, 99.84325408935547
98.88, 100.2536392211914
98.48, 101.3132095336914
98.88, 99.96662139892578
98.14, 99.91352844238281
96.38, 99.84088134765625
99.1, 99.22962188720703
98.34, 98.82378387451172
98.76, 99.22630310058594
98.46, 98.23482513427734
98.24, 97.65987396240234
98.34, 95.80365753173828
98.42, 98.60353088378906
98.7, 95.69123840332031
97.6, 95.97212219238281
98.56, 96.68260955810547
98.42, 97.24175262451172
98.6, 98.45132446289062
98.26, 98.11555480957031
97.68, 95.22866821289062
98.76, 99.8440170288086
98.88, 100.25830078125
98.48, 101.3321304321289
98.88, 99.94834899902344
98.14, 99.89816284179688
96.38, 99.84748077392578
99.1, 99.2367935180664
98.34, 98.84061431884766
98.76, 99.20660400390625
98.46, 98.22191619873047
98.24, 97.65252685546875
98.34, 95.83328247070312
98.42, 98.5831527709961
98.7, 95.70878601074219
97.6, 95.9826889038086
98.56, 96.68357849121094
98.42, 97.24183654785156
98.6, 98.43374633789062
98.26, 98.11968994140625
97.68, 95.2717056274414
98.76, 99.82217407226562
98.88, 100.23719024658203
98.48, 101.31629180908203
98.88, 99.92659759521484
98.14, 99.8807144165039
96.38, 99.84297180175781
99.1, 99.2386245727539
98.34, 98.85648345947266
98.76, 99.19276428222656
98.46, 98.21888732910156
98.24, 97.65798950195312
98.34, 95.86524200439453
98.42, 98.57181549072266
98.7, 95.74945831298828
97.6, 96.01329040527344
98.56, 96.69622802734375
98.42, 97.24640655517578
98.6, 98.41800689697266
98.26, 98.1235580444336
97.68, 95.31376647949219
98.76, 99.78430938720703
98.88, 100.1971206665039
98.48, 101.27336883544922
98.88, 99.90274047851562
98.14, 99.86180877685547
96.38, 99.82792663574219
99.1, 99.23390197753906
98.34, 98.86768341064453
98.76, 99.18372344970703
98.46, 98.22190856933594
98.24, 97.67149353027344
98.34, 95.9009780883789
98.42, 98.56791687011719
98.7, 95.80512237548828
97.6, 96.05777740478516
98.56, 96.7181396484375
98.42, 97.25613403320312
98.6, 98.4052505493164
98.26, 98.12982940673828
97.68, 95.35721588134766
98.76, 99.73828887939453
98.88, 100.14665985107422
98.48, 101.21437072753906
98.88, 99.878173828125
98.14, 99.84217834472656
96.38, 99.8049545288086
99.1, 99.22309112548828
98.34, 98.87256622314453
98.76, 99.17784118652344
98.46, 98.22720336914062
98.24, 97.68827056884766
98.34, 95.94052124023438
98.42, 98.56890106201172
98.7, 95.86690521240234
97.6, 96.10891723632812
98.56, 96.74563598632812
98.42, 97.27027893066406
98.6, 98.39580535888672
98.26, 98.13981628417969
97.68, 95.40315246582031
98.76, 99.69129943847656
98.88, 100.09405517578125
98.48, 101.1502685546875
98.88, 99.85417938232422
98.14, 99.82257843017578
96.38, 99.77754974365234
99.1, 99.2077865600586
98.34, 98.87132263183594
98.76, 99.17347717285156
98.46, 98.23185729980469
98.24, 97.70447540283203
98.34, 95.98270416259766
98.42, 98.57205200195312
98.7, 95.92716979980469
97.6, 96.16011810302734
98.56, 96.7748794555664
98.42, 97.28732299804688
98.6, 98.38923645019531
98.26, 98.15336608886719
97.68, 95.4512939453125
98.76, 99.64855194091797
98.88, 100.04541778564453
98.48, 101.08987426757812
98.88, 99.83157348632812
98.14, 99.80364227294922
96.38, 99.74947357177734
99.1, 99.1902084350586
98.34, 98.86581420898438
98.76, 99.16938781738281
98.46, 98.23431396484375
98.24, 97.71818542480469
98.34, 96.0261459350586
98.42, 98.57510375976562
98.7, 95.9806137084961
97.6, 96.20652770996094
98.56, 96.80253601074219
98.42, 97.30535888671875
98.6, 98.38482666015625
98.26, 98.16980743408203
97.68, 95.50093841552734
98.76, 99.61292266845703
98.88, 100.00432586669922
98.48, 101.03849792480469
98.88, 99.81058502197266
98.14, 99.78559112548828
96.38, 99.72406005859375
99.1, 99.17225646972656
98.34, 98.85872650146484
98.76, 99.16475677490234
98.46, 98.23420715332031
98.24, 97.72959899902344
98.34, 96.06986999511719
98.42, 98.57633972167969
98.7, 96.02416229248047
97.6, 96.2451171875
98.56, 96.8262710571289
98.42, 97.3228759765625
98.6, 98.38197326660156
98.26, 98.18871307373047
97.68, 95.55143737792969
98.76, 99.58570098876953
98.88, 99.97190856933594
98.48, 100.9981918334961
98.88, 99.79065704345703
98.14, 99.76793670654297
96.38, 99.703369140625
99.1, 99.15438079833984
98.34, 98.85198211669922
98.76, 99.15850067138672
98.46, 98.23136138916016
98.24, 97.73959350585938
98.34, 96.1122817993164
98.42, 98.57416534423828
98.7, 96.05704498291016
97.6, 96.27491760253906
98.56, 96.84246063232422
98.42, 97.33585357666016
98.6, 98.37933349609375
98.26, 98.20765686035156
97.68, 95.60057067871094
98.76, 99.5701675415039
98.88, 99.94960021972656
98.48, 100.97282409667969
98.88, 99.77154541015625
98.14, 99.75043487548828
96.38, 99.68505859375
99.1, 99.13864135742188
98.34, 98.8438720703125
98.76, 99.14696502685547
98.46, 98.22254943847656
98.24, 97.73882293701172
98.34, 96.14761352539062
98.42, 98.5662841796875
98.7, 96.08723449707031
97.6, 96.30059051513672
98.56, 96.85719299316406
98.42, 97.34970092773438
98.6, 98.37320709228516
98.26, 98.22125244140625
97.68, 95.64546203613281
98.76, 99.55467224121094
98.88, 99.93346405029297
98.48, 100.95477294921875
98.88, 99.75342559814453
98.14, 99.73347473144531
96.38, 99.67118835449219
99.1, 99.1274185180664
98.34, 98.8385009765625
98.76, 99.13396453857422
98.46, 98.21261596679688
98.24, 97.73444366455078
98.34, 96.1793212890625
98.42, 98.55789947509766
98.7, 96.11212158203125
97.6, 96.3221435546875
98.56, 96.8707504272461
98.42, 97.3629150390625
98.6, 98.36744689941406
98.26, 98.23274230957031
97.68, 95.68867492675781
98.76, 99.5417251586914
98.88, 99.91850280761719
98.48, 100.93854522705078
98.88, 99.73857116699219
98.14, 99.71947479248047
96.38, 99.65689849853516
99.1, 99.11717224121094
98.34, 98.83246612548828
98.76, 99.12315368652344
98.46, 98.20433044433594
98.24, 97.73112487792969
98.34, 96.20867156982422
98.42, 98.55113220214844
98.7, 96.13554382324219
97.6, 96.34306335449219
98.56, 96.88439178466797
98.42, 97.37570190429688
98.6, 98.36219787597656
98.26, 98.2429428100586
97.68, 95.73048400878906
98.76, 99.5276107788086
98.88, 99.9007339477539
98.48, 100.9205551147461
98.88, 99.7257308959961
98.14, 99.70745086669922
96.38, 99.64351654052734
99.1, 99.1078872680664
98.34, 98.82784271240234
98.76, 99.1141586303711
98.46, 98.19872283935547
98.24, 97.7307357788086
98.34, 96.23812103271484
98.42, 98.54570007324219
98.7, 96.15808868408203
97.6, 96.36309051513672
98.56, 96.8967514038086
98.42, 97.38684844970703
98.6, 98.35841369628906
98.26, 98.25334930419922
97.68, 95.77124786376953
98.76, 99.51351165771484
98.88, 99.88135528564453
98.48, 100.90254211425781
98.88, 99.71428680419922
98.14, 99.69694519042969
96.38, 99.6312026977539
99.1, 99.09960174560547
98.34, 98.82077026367188
98.76, 99.10653686523438
98.46, 98.1948471069336
98.24, 97.732177734375
98.34, 96.26620483398438
98.42, 98.54161834716797
98.7, 96.18077087402344
97.6, 96.38414001464844
98.56, 96.90843963623047
98.42, 97.39663696289062
98.6, 98.35574340820312
98.26, 98.26313781738281
97.68, 95.81056213378906
98.76, 99.49771118164062
98.88, 99.86251831054688
98.48, 100.87925720214844
98.88, 99.7047119140625
98.14, 99.68926239013672
96.38, 99.6165771484375
99.1, 99.0888671875
98.34, 98.8176040649414
98.76, 99.10294342041016
98.46, 98.19468688964844
98.24, 97.7373046875
98.34, 96.29401397705078
98.42, 98.54106903076172
98.7, 96.20362091064453
97.6, 96.40108489990234
98.56, 96.91832733154297
98.42, 97.40449523925781
98.6, 98.35343170166016
98.26, 98.27005767822266
97.68, 95.8464584350586
98.76, 99.48198699951172
98.88, 99.84678649902344
98.48, 100.8624038696289
98.88, 99.6941146850586
98.14, 99.67984008789062
96.38, 99.60692596435547
99.1, 99.08344268798828
98.34, 98.81549072265625
98.76, 99.09510803222656
98.46, 98.19041442871094
98.24, 97.73770904541016
98.34, 96.31574249267578
98.42, 98.53631591796875
98.7, 96.22806549072266
97.6, 96.42286682128906
98.56, 96.92992401123047
98.42, 97.41314697265625
98.6, 98.34693908691406
98.26, 98.273681640625
97.68, 95.87989807128906
98.76, 99.46379089355469
98.88, 99.82526397705078
98.48, 100.83660125732422
98.88, 99.68283081054688
98.14, 99.67092895507812
96.38, 99.59207153320312
99.1, 99.07394409179688
98.34, 98.81509399414062
98.76, 99.09104919433594
98.46, 98.19059753417969
98.24, 97.74320983886719
98.34, 96.34010314941406
98.42, 98.53549194335938
98.7, 96.25611114501953
97.6, 96.4450454711914
98.56, 96.94241333007812
98.42, 97.42169952392578
98.6, 98.34249877929688
98.26, 98.27752685546875
97.68, 95.91233825683594
98.76, 99.44247436523438
98.88, 99.8041763305664
98.48, 100.8127212524414
98.88, 99.67142486572266
98.14, 99.66102600097656
96.38, 99.58136749267578
99.1, 99.06856536865234
98.34, 98.81448364257812
98.76, 99.08512115478516
98.46, 98.18899536132812
98.24, 97.7472152709961
98.34, 96.36219787597656
98.42, 98.53337860107422
98.7, 96.28433227539062
97.6, 96.46966552734375
98.56, 96.95543670654297
98.42, 97.43018341064453
98.6, 98.33659362792969
98.26, 98.2812271118164
97.68, 95.9447021484375
98.76, 99.422607421875
98.88, 99.77964782714844
98.48, 100.78257751464844
98.88, 99.66008758544922
98.14, 99.65202331542969
96.38, 99.5645523071289
99.1, 99.05792999267578
98.34, 98.81251525878906
98.76, 99.0819091796875
98.46, 98.18964385986328
98.24, 97.75275421142578
98.34, 96.38607025146484
98.42, 98.53386688232422
98.7, 96.3153305053711
97.6, 96.4949722290039
98.56, 96.97023010253906
98.42, 97.44012451171875
98.6, 98.3321304321289
98.26, 98.28498840332031
97.68, 95.97611999511719
98.76, 99.39863586425781
98.88, 99.75641632080078
98.48, 100.7548828125
98.88, 99.64913940429688
98.14, 99.64253997802734
96.38, 99.55304718017578
99.1, 99.05189514160156
98.34, 98.81188201904297
98.76, 99.07769012451172
98.46, 98.18953704833984
98.24, 97.75878143310547
98.34, 96.40916442871094
98.42, 98.53376007080078
98.7, 96.3434829711914
97.6, 96.51904296875
98.56, 96.98310089111328
98.42, 97.44835662841797
98.6, 98.32749938964844
98.26, 98.28955078125
97.68, 96.00817108154297
98.76, 99.38064575195312
98.88, 99.73278045654297
98.48, 100.72595977783203
98.88, 99.63811492919922
98.14, 99.63348388671875
96.38, 99.53580474853516
99.1, 99.04080963134766
98.34, 98.80772399902344
98.76, 99.07391357421875
98.46, 98.18876647949219
98.24, 97.76216888427734
98.34, 96.43163299560547
98.42, 98.53369140625
98.7, 96.37406921386719
97.6, 96.54522705078125
98.56, 96.99887084960938
98.42, 97.45939636230469
98.6, 98.32283782958984
98.26, 98.29313659667969
97.68, 96.03871154785156
98.76, 99.35633087158203
98.88, 99.70994567871094
98.48, 100.6974105834961
98.88, 99.62799835205078
98.14, 99.62483978271484
96.38, 99.52413940429688
99.1, 99.03423309326172
98.34, 98.80764770507812
98.76, 99.0711898803711
98.46, 98.18988037109375
98.24, 97.76981353759766
98.34, 96.45556640625
98.42, 98.53504180908203
98.7, 96.39964294433594
97.6, 96.56612396240234
98.56, 97.01005554199219
98.42, 97.46696472167969
98.6, 98.31961059570312
98.26, 98.29825592041016
97.68, 96.07013702392578
98.76, 99.34208679199219
98.88, 99.68936920166016
98.48, 100.67400360107422
98.88, 99.61719512939453
98.14, 99.6153335571289
96.38, 99.50846099853516
99.1, 99.02418518066406
98.34, 98.80106353759766
98.76, 99.0653076171875
98.46, 98.18624114990234
98.24, 97.76943969726562
98.34, 96.47518920898438
98.42, 98.53263854980469
98.7, 96.42828369140625
97.6, 96.59306335449219
98.56, 97.02627563476562
98.42, 97.47893524169922
98.6, 98.3141860961914
98.26, 98.30140686035156
97.68, 96.099609375
98.76, 99.31781005859375
98.88, 99.66704559326172
98.48, 100.64385223388672
98.88, 99.60820007324219
98.14, 99.60810852050781
96.38, 99.49595642089844
99.1, 99.01638793945312
98.34, 98.80242156982422
98.76, 99.06509399414062
98.46, 98.18977355957031
98.24, 97.78021240234375
98.34, 96.50066375732422
98.42, 98.5362548828125
98.7, 96.45001983642578
97.6, 96.60917663574219
98.56, 97.03498077392578
98.42, 97.4852294921875
98.6, 98.31319427490234
98.26, 98.3074951171875
97.68, 96.13021087646484
98.76, 99.3079605102539
98.88, 99.65129089355469
98.48, 100.62812042236328
98.88, 99.5976791381836
98.14, 99.59805297851562
96.38, 99.48297119140625
99.1, 99.00808715820312
98.34, 98.7940444946289
98.76, 99.05608367919922
98.46, 98.18222045898438
98.24, 97.77449035644531
98.34, 96.51594543457031
98.42, 98.53044128417969
98.7, 96.47721862792969
97.6, 96.63656616210938
98.56, 97.05142974853516
98.42, 97.49794006347656
98.6, 98.30609893798828
98.26, 98.30956268310547
97.68, 96.1579360961914
98.76, 99.28350830078125
98.88, 99.62884521484375
98.48, 100.59612274169922
98.88, 99.58956909179688
98.14, 99.59217834472656
96.38, 99.46957397460938
99.1, 98.99944305419922
98.34, 98.79692077636719
98.76, 99.05830383300781
98.46, 98.18849182128906
98.24, 97.78855895996094
98.34, 96.54291534423828
98.42, 98.53626251220703
98.7, 96.49578094482422
97.6, 96.64836883544922
98.56, 97.0573959350586
98.42, 97.5017318725586
98.6, 98.30786895751953
98.26, 98.31697845458984
97.68, 96.18793487548828
98.76, 99.27693176269531
98.88, 99.61886596679688
98.48, 100.58538055419922
98.88, 99.580322265625
98.14, 99.58289337158203
96.38, 99.45845794677734
99.1, 98.99217987060547
98.34, 98.79022216796875
98.76, 99.04792785644531
98.46, 98.17860412597656
98.24, 97.77899932861328
98.34, 96.55461120605469
98.42, 98.52838897705078
98.7, 96.52279663085938
97.6, 96.67346954345703
98.56, 97.07337188720703
98.42, 97.51395416259766
98.6, 98.29792785644531
98.26, 98.31639862060547
97.68, 96.21251678466797
98.76, 99.25275421142578
98.88, 99.59534454345703
98.48, 100.5578384399414
98.88, 99.57128143310547
98.14, 99.57569885253906
96.38, 99.4483871459961
99.1, 98.98684692382812
98.34, 98.79275512695312
98.76, 99.04813385009766
98.46, 98.18367004394531
98.24, 97.7918701171875
98.34, 96.57949829101562
98.42, 98.53211975097656
98.7, 96.5427017211914
97.6, 96.68841552734375
98.56, 97.08045959472656
98.42, 97.51874542236328
98.6, 98.29796600341797
98.26, 98.32331848144531
97.68, 96.24128723144531
98.76, 99.24449920654297
98.88, 99.57977294921875
98.48, 100.54271697998047
98.88, 99.56139373779297
98.14, 99.56607055664062
96.38, 99.43537139892578
99.1, 98.9780502319336
98.34, 98.782958984375
98.76, 99.03935241699219
98.46, 98.17635345458984
98.24, 97.78546142578125
98.34, 96.59291076660156
98.42, 98.52652740478516
98.7, 96.56922149658203
97.6, 96.71595764160156
98.56, 97.09718322753906
98.42, 97.5319595336914
98.6, 98.2918472290039
98.26, 98.32559204101562
97.68, 96.26679992675781
98.76, 99.21868133544922
98.88, 99.55828857421875
98.48, 100.50889587402344
98.88, 99.55487823486328
98.14, 99.56185150146484
96.38, 99.4225845336914
99.1, 98.97026062011719
98.34, 98.78779602050781
98.76, 99.04390716552734
98.46, 98.18521118164062
98.24, 97.80323028564453
98.34, 96.62028503417969
98.42, 98.53437805175781
98.7, 96.58365631103516
97.6, 96.72303771972656
98.56, 97.09977722167969
98.42, 97.53286743164062
98.6, 98.29570770263672
98.26, 98.3336410522461
97.68, 96.2950210571289
98.76, 99.21843719482422
98.88, 99.55342102050781
98.48, 100.5035629272461
98.88, 99.54600524902344
98.14, 99.55242156982422
96.38, 99.41084289550781
99.1, 98.9617691040039
98.34, 98.78013610839844
98.76, 99.03079986572266
98.46, 98.17129516601562
98.24, 97.78630828857422
98.34, 96.62631225585938
98.42, 98.5232162475586
98.7, 96.61276245117188
97.6, 96.74993133544922
98.56, 97.11834716796875
98.42, 97.5474624633789
98.6, 98.2829818725586
98.26, 98.33004760742188
97.68, 96.31515502929688
98.76, 99.18943786621094
98.88, 99.52783966064453
98.48, 100.4767074584961
98.88, 99.537109375
98.14, 99.54505920410156
96.38, 99.4050521850586
99.1, 98.96034240722656
98.34, 98.78504180908203
98.76, 99.0315933227539
98.46, 98.17822265625
98.24, 97.80119323730469
98.34, 96.65191650390625
98.42, 98.52775573730469
98.7, 96.63027954101562
97.6, 96.7627182006836
98.56, 97.122802734375
98.42, 97.54930114746094
98.6, 98.28508758544922
98.26, 98.33893585205078
97.68, 96.3438720703125
98.76, 99.18360137939453
98.88, 99.51331329345703
98.48, 100.46017456054688
98.88, 99.52864074707031
98.14, 99.53726959228516
96.38, 99.39054107666016
99.1, 98.95081329345703
98.34, 98.7746810913086
98.76, 99.02545166015625
98.46, 98.17323303222656
98.24, 97.7990951538086
98.34, 96.66521453857422
98.42, 98.52366638183594
98.7, 96.65525817871094
97.6, 96.7880630493164
98.56, 97.13815307617188
98.42, 97.56099700927734
98.6, 98.27900695800781
98.26, 98.34027099609375
97.68, 96.36674499511719
98.76, 99.15939331054688
98.88, 99.49304962158203
98.48, 100.42896270751953
98.88, 99.52182006835938
98.14, 99.53254699707031
96.38, 99.37896728515625
99.1, 98.94429016113281
98.34, 98.78005981445312
98.76, 99.02857971191406
98.46, 98.18061828613281
98.24, 97.81473541259766
98.34, 96.68956756591797
98.42, 98.52967071533203
98.7, 96.67017364501953
97.6, 96.79621124267578
98.56, 97.1414794921875
98.42, 97.56303405761719
98.6, 98.28119659423828
98.26, 98.3463134765625
97.68, 96.39198303222656
98.76, 99.15779113769531
98.88, 99.48651123046875
98.48, 100.42289733886719
98.88, 99.51226043701172
98.14, 99.52247619628906
96.38, 99.36749267578125
99.1, 98.93634033203125
98.34, 98.77238464355469
98.76, 99.01583862304688
98.46, 98.16751098632812
98.24, 97.7990951538086
98.34, 96.6951675415039
98.42, 98.51914978027344
98.7, 96.69913482666016
97.6, 96.82373046875
98.56, 97.16034698486328
98.42, 97.57738494873047
98.6, 98.27001953125
98.26, 98.34371948242188
97.68, 96.41138458251953
98.76, 99.1285629272461
98.88, 99.46138763427734
98.48, 100.39323425292969
98.88, 99.50460052490234
98.14, 99.5166015625
96.38, 99.36064147949219
99.1, 98.93392181396484
98.34, 98.77816009521484
98.76, 99.01900482177734
98.46, 98.17695617675781
98.24, 97.81767272949219
98.34, 96.72219848632812
98.42, 98.52571105957031
98.7, 96.71289825439453
97.6, 96.8325424194336
98.56, 97.16231536865234
98.42, 97.57804870605469
98.6, 98.27399444580078
98.26, 98.35296630859375
97.68, 96.4386978149414
98.76, 99.12885284423828
98.88, 99.45142364501953
98.48, 100.38352966308594
98.88, 99.4954605102539
98.14, 99.50724029541016
96.38, 99.34590911865234
99.1, 98.92334747314453
98.34, 98.76459503173828
98.76, 99.00843811035156
98.46, 98.16575622558594
98.24, 97.8057632446289
98.34, 96.72966766357422
98.42, 98.51766967773438
98.7, 96.74047088623047
97.6, 96.86164093017578
98.56, 97.18174743652344
98.42, 97.59358978271484
98.6, 98.26586151123047
98.26, 98.3526382446289
97.68, 96.45903778076172
98.76, 99.09831237792969
98.88, 99.42896270751953
98.48, 100.34827423095703
98.88, 99.49021911621094
98.14, 99.50431823730469
96.38, 99.33687591552734
99.1, 98.9190444946289
98.34, 98.77312469482422
98.76, 99.01558685302734
98.46, 98.1788101196289
98.24, 97.8294448852539
98.34, 96.75933837890625
98.42, 98.52796173095703
98.7, 96.7478256225586
97.6, 96.8617935180664
98.56, 97.17848205566406
98.42, 97.59031677246094
98.6, 98.27359008789062
98.26, 98.36274719238281
97.68, 96.48594665527344
98.76, 99.11075592041016
98.88, 99.4312973022461
98.48, 100.35100555419922
98.88, 99.48104858398438
98.14, 99.49352264404297
96.38, 99.32110595703125
99.1, 98.90583038330078
98.34, 98.75973510742188
98.76, 98.99739837646484
98.46, 98.15637969970703
98.24, 97.80054473876953
98.34, 96.756591796875
98.42, 98.51205444335938
98.7, 96.7815933227539
97.6, 96.89453125
98.56, 97.20391082763672
98.42, 97.61103820800781
98.6, 98.2578125
98.26, 98.3562240600586
97.68, 96.50025939941406
98.76, 99.07303619384766
98.88, 99.4023666381836
98.48, 100.32199096679688
98.88, 99.47402954101562
98.14, 99.48778533935547
96.38, 99.3199462890625
99.1, 98.9081802368164
98.34, 98.76841735839844
98.76, 99.00045776367188
98.46, 98.16626739501953
98.24, 97.81647491455078
98.34, 96.78591918945312
98.42, 98.51932525634766
98.7, 96.79232788085938
97.6, 96.9007797241211
98.56, 97.20355987548828
98.42, 97.60889434814453
98.6, 98.26548767089844
98.26, 98.369140625
97.68, 96.52973175048828
98.76, 99.06878662109375
98.88, 99.39421081542969
98.48, 100.3093032836914
98.88, 99.46942138671875
98.14, 99.4837417602539
96.38, 99.31037902832031
99.1, 98.90315246582031
98.34, 98.7597885131836
98.76, 98.99861145019531
98.46, 98.16446685791016
98.24, 97.82609558105469
98.34, 96.79985046386719
98.42, 98.51737213134766
98.7, 96.80901336669922
97.6, 96.9158935546875
98.56, 97.21067810058594
98.42, 97.61417388916016
98.6, 98.25965118408203
98.26, 98.3685073852539
97.68, 96.54961395263672
98.76, 99.06816101074219
98.88, 99.3795166015625
98.48, 100.2914810180664
98.88, 99.45783233642578
98.14, 99.47310638427734
96.38, 99.28650665283203
99.1, 98.88540649414062
98.34, 98.75027465820312
98.76, 98.98944854736328
98.46, 98.1551742553711
98.24, 97.81371307373047
98.34, 96.80917358398438
98.42, 98.51306915283203
98.7, 96.84307861328125
97.6, 96.9464340209961
98.56, 97.23345184326172
98.42, 97.63136291503906
98.6, 98.2534408569336
98.26, 98.36943054199219
97.68, 96.56665802001953
98.76, 99.03243255615234
98.88, 99.35801696777344
98.48, 100.26417541503906
98.88, 99.4534683227539
98.14, 99.46895599365234
96.38, 99.2870864868164
99.1, 98.8885269165039
98.34, 98.75960540771484
98.76, 98.98994445800781
98.46, 98.15972137451172
98.24, 97.82135009765625
98.34, 96.83201599121094
98.42, 98.51709747314453
98.7, 96.85208129882812
97.6, 96.9514389038086
98.56, 97.23445129394531
98.42, 97.63185119628906
98.6, 98.25810241699219
98.26, 98.37883758544922
97.68, 96.59329986572266
98.76, 99.02842712402344
98.88, 99.35176849365234
98.48, 100.25436401367188
98.88, 99.44895935058594
98.14, 99.4648666381836
96.38, 99.27864074707031
99.1, 98.88424682617188
98.34, 98.75250244140625
98.76, 98.98770904541016
98.46, 98.15794372558594
98.24, 97.82897186279297
98.34, 96.84683990478516
98.42, 98.51475524902344
98.7, 96.86622619628906
97.6, 96.9633560180664
98.56, 97.23988342285156
98.42, 97.63528442382812
98.6, 98.25425720214844
98.26, 98.3787841796875
97.68, 96.61332702636719
98.76, 99.02159118652344
98.88, 99.3399658203125
98.48, 100.23434448242188
98.88, 99.44019317626953
98.14, 99.45862579345703
96.38, 99.2644271850586
99.1, 98.87666320800781
98.34, 98.75230407714844
98.76, 98.98661804199219
98.46, 98.15972137451172
98.24, 97.84041595458984
98.34, 96.862548828125
98.42, 98.5140151977539
98.7, 96.88395690917969
97.6, 96.97686767578125
98.56, 97.24685668945312
98.42, 97.64134979248047
98.6, 98.24855041503906
98.26, 98.37681579589844
97.68, 96.62967681884766
98.76, 99.0112075805664
98.88, 99.3264389038086
98.48, 100.2261734008789
98.88, 99.42859649658203
98.14, 99.44730377197266
96.38, 99.25758361816406
99.1, 98.8732681274414
98.34, 98.74951934814453
98.76, 98.97688293457031
98.46, 98.1498794555664
98.24, 97.83444213867188
98.34, 96.87059783935547
98.42, 98.50750732421875
98.7, 96.9090576171875
97.6, 97.00174713134766
98.56, 97.26206970214844
98.42, 97.65157318115234
98.6, 98.24185180664062
98.26, 98.37731170654297
97.68, 96.64894104003906
98.76, 98.99113464355469
98.88, 99.30664825439453
98.48, 100.19371795654297
98.88, 99.42233276367188
98.14, 99.443115234375
96.38, 99.24323272705078
99.1, 98.8646011352539
98.34, 98.75178527832031
98.76, 98.98013305664062
98.46, 98.15790557861328
98.24, 97.84661102294922
98.34, 96.89541625976562
98.42, 98.51380920410156
98.7, 96.92303466796875
97.6, 97.00985717773438
98.56, 97.2655258178711
98.42, 97.65385437011719
98.6, 98.2450942993164
98.26, 98.38407897949219
97.68, 96.67080688476562
98.76, 98.9832763671875
98.88, 99.30184936523438
98.48, 100.1895523071289
98.88, 99.41604614257812
98.14, 99.4361343383789
96.38, 99.23878479003906
99.1, 98.86300659179688
98.34, 98.74956512451172
98.76, 98.97196197509766
98.46, 98.1480484008789
98.24, 97.84209442138672
98.34, 96.90200805664062
98.42, 98.50704956054688
98.7, 96.94232940673828
97.6, 97.0256576538086
98.56, 97.2762451171875
98.42, 97.6629409790039
98.6, 98.23706817626953
98.26, 98.38187408447266
97.68, 96.68836212158203
98.76, 98.98004913330078
98.88, 99.28495788574219
98.48, 100.17410278320312
98.88, 99.4053955078125
98.14, 99.4258041381836
96.38, 99.22021484375
99.1, 98.84867095947266
98.34, 98.73657989501953
98.76, 98.96294403076172
98.46, 98.13949584960938
98.24, 97.83088684082031
98.34, 96.91478729248047
98.42, 98.50350189208984
98.7, 96.970703125
97.6, 97.05615997314453
98.56, 97.29654693603516
98.42, 97.67747497558594
98.6, 98.23443603515625
98.26, 98.38884735107422
97.68, 96.70911407470703
98.76, 98.94570922851562
98.88, 99.2659912109375
98.48, 100.1395492553711
98.88, 99.4058609008789
98.14, 99.42725372314453
96.38, 99.21656036376953
99.1, 98.84837341308594
98.34, 98.74588012695312
98.76, 98.97079467773438
98.46, 98.15375518798828
98.24, 97.84740447998047
98.34, 96.9443130493164
98.42, 98.51390075683594
98.7, 96.96784210205078
97.6, 97.0469970703125
98.56, 97.28839111328125
98.42, 97.67169952392578
98.6, 98.24772644042969
98.26, 98.3997802734375
97.68, 96.73497009277344
98.76, 98.95695495605469
98.88, 99.27872467041016
98.48, 100.14700317382812
98.88, 99.40209197998047
98.14, 99.42279815673828
96.38, 99.20902252197266
99.1, 98.8437728881836
98.34, 98.73956298828125
98.76, 98.96149444580078
98.46, 98.14155578613281
98.24, 97.84563446044922
98.34, 96.9447021484375
98.42, 98.50249481201172
98.7, 96.98023986816406
97.6, 97.0571060180664
98.56, 97.29568481445312
98.42, 97.68113708496094
98.6, 98.23503875732422
98.26, 98.3888168334961
97.68, 96.7459487915039
98.76, 98.96460723876953
98.88, 99.26560974121094
98.48, 100.14700317382812
98.88, 99.38610076904297
98.14, 99.4070053100586
96.38, 99.18901824951172
99.1, 98.8285140991211
98.34, 98.72281646728516
98.76, 98.94551849365234
98.46, 98.1236801147461
98.24, 97.82564544677734
98.34, 96.94831848144531
98.42, 98.49275970458984
98.7, 97.01504516601562
97.6, 97.09596252441406
98.56, 97.32449340820312
98.42, 97.70240020751953
98.6, 98.22789001464844
98.26, 98.39368438720703
97.68, 96.7647705078125
98.76, 98.91895294189453
98.88, 99.23828887939453
98.48, 100.09915924072266
98.88, 99.38790893554688
98.14, 99.41068267822266
96.38, 99.18904876708984
99.1, 98.83116149902344
98.34, 98.73587799072266
98.76, 98.95869445800781
98.46, 98.1480941772461
98.24, 97.85248565673828
98.34, 96.98932647705078
98.42, 98.5084228515625
98.7, 97.00406646728516
97.6, 97.07852172851562
98.56, 97.30707550048828
98.42, 97.68798065185547
98.6, 98.24964904785156
98.26, 98.41239929199219
97.68, 96.79460144042969
98.76, 98.93916320800781
98.88, 99.2614517211914
98.48, 100.11499786376953
98.88, 99.38626098632812
98.14, 99.40697479248047
96.38, 99.18321228027344
99.1, 98.82589721679688
98.34, 98.72857666015625
98.76, 98.9463119506836
98.46, 98.13028717041016
98.24, 97.84249877929688
98.34, 96.98291778564453
98.42, 98.49360656738281
98.7, 97.01899719238281
97.6, 97.08891296386719
98.56, 97.31390380859375
98.42, 97.69644927978516
98.6, 98.22956085205078
98.26, 98.39279174804688
97.68, 96.79912567138672
98.76, 98.93822479248047
98.88, 99.24446105957031
98.48, 100.11499786376953
98.88, 99.37056732177734
98.14, 99.39321899414062
96.38, 99.16983795166016
99.1, 98.81999969482422
98.34, 98.72394561767578
98.76, 98.93390655517578
98.46, 98.11495971679688
98.24, 97.8264389038086
98.34, 96.98262023925781
98.42, 98.4841537475586
98.7, 97.05463409423828
97.6, 97.12474822998047
98.56, 97.34320068359375
98.42, 97.71680450439453
98.6, 98.21914672851562
98.26, 98.39252471923828
97.68, 96.81548309326172
98.76, 98.894287109375
98.88, 99.21315002441406
98.48, 100.06758880615234
98.88, 99.36997985839844
98.14, 99.39490509033203
96.38, 99.16741180419922
99.1, 98.82111358642578
98.34, 98.73436737060547
98.76, 98.94703674316406
98.46, 98.14134216308594
98.24, 97.85939025878906
98.34, 97.02615356445312
98.42, 98.49996948242188
98.7, 97.04670715332031
97.6, 97.11143493652344
98.56, 97.32405090332031
98.42, 97.699462890625
98.6, 98.24076080322266
98.26, 98.41288757324219
97.68, 96.84593963623047
98.76, 98.91364288330078
98.88, 99.23097229003906
98.48, 100.07461547851562
98.88, 99.3680648803711
98.14, 99.39138793945312
96.38, 99.15702056884766
99.1, 98.81492614746094
98.34, 98.72329711914062
98.76, 98.93689727783203
98.46, 98.12594604492188
98.24, 97.85356903076172
98.34, 97.02005767822266
98.42, 98.4874267578125
98.7, 97.06851196289062
97.6, 97.1288070678711
98.56, 97.3375473022461
98.42, 97.71426391601562
98.6, 98.22080993652344
98.26, 98.39363098144531
97.68, 96.84967803955078
98.76, 98.91936492919922
98.88, 99.20948791503906
98.48, 100.0768051147461
98.88, 99.34811401367188
98.14, 99.37222290039062
96.38, 99.13119506835938
99.1, 98.79464721679688
98.34, 98.70272064208984
98.76, 98.92146301269531
98.46, 98.10810089111328
98.24, 97.83356475830078
98.34, 97.02447509765625
98.42, 98.48119354248047
