91.54, 0.18234065175056458
91.24, 10.446028709411621
89.14, 19.27556800842285
90.96, 34.74644470214844
92.66, 104.78816223144531
91.4, 12.242537498474121
90.76, 305.0221862792969
89.44, 102.4228744506836
92.8, 152.2621307373047
90.72, 63.81329345703125
91.54, 42.741519927978516
91.24, 46.366214752197266
89.14, 23.85228729248047
90.96, 18.38376808166504
92.66, 25.00045394897461
91.4, 3.9104197025299072
90.76, 45.36649703979492
89.44, 27.7961483001709
92.8, 70.11531066894531
90.72, 57.37087631225586
91.54, 73.98285675048828
91.24, 143.5831298828125
89.14, 84.45763397216797
90.96, 66.80567169189453
92.66, 95.89199829101562
91.4, 10.504644393920898
90.76, 145.7982940673828
89.44, 63.56957244873047
92.8, 120.8095932006836
90.72, 69.43904876708984
91.54, 61.99498748779297
91.24, 88.38472747802734
89.14, 52.0488395690918
90.96, 42.06455612182617
92.66, 62.56792449951172
91.4, 9.443934440612793
90.76, 108.7073745727539
89.44, 56.89242172241211
92.8, 124.72547149658203
90.72, 81.75761413574219
91.54, 80.9692611694336
91.24, 122.77522277832031
89.14, 70.25548553466797
90.96, 54.85211181640625
92.66, 76.73245239257812
91.4, 11.080765724182129
90.76, 117.97769927978516
89.44, 58.228736877441406
92.8, 118.73104095458984
90.72, 75.60894012451172
91.54, 73.53645324707031
91.24, 108.92308807373047
89.14, 64.71153259277344
90.96, 52.40021514892578
92.66, 74.77100372314453
91.4, 11.919574737548828
90.76, 120.18302154541016
89.44, 60.681312561035156
92.8, 124.3525161743164
90.72, 79.1531982421875
91.54, 76.58544921875
91.24, 111.1391830444336
89.14, 65.42765808105469
90.96, 52.661964416503906
92.66, 73.4250259399414
91.4, 12.574870109558105
90.76, 114.74494934082031
89.44, 58.930904388427734
92.8, 120.06961059570312
90.72, 77.98020935058594
91.54, 77.0374984741211
91.24, 112.32748413085938
89.14, 67.16500091552734
90.96, 54.85923767089844
92.66, 76.26629638671875
91.4, 13.662220001220703
90.76, 118.8207015991211
89.44, 61.0318603515625
92.8, 122.2503433227539
90.72, 78.21831512451172
91.54, 76.85770416259766
91.24, 109.41813659667969
89.14, 65.69523620605469
90.96, 54.02580642700195
92.66, 74.27616882324219
91.4, 14.380059242248535
90.76, 114.95233917236328
89.44, 60.34527587890625
92.8, 120.6878433227539
90.72, 78.65180969238281
91.54, 78.35139465332031
91.24, 111.45439147949219
89.14, 67.47738647460938
90.96, 55.85603713989258
92.66, 76.302978515625
91.4, 15.44265079498291
90.76, 116.74726104736328
89.44, 61.445777893066406
92.8, 120.88887786865234
90.72, 78.46875
91.54, 78.09464263916016
91.24, 109.14208984375
89.14, 66.71470642089844
90.96, 55.78432846069336
92.66, 75.61084747314453
91.4, 16.350807189941406
90.76, 115.21821594238281
89.44, 61.83058547973633
92.8, 120.75590515136719
90.72, 79.019775390625
91.54, 79.25028228759766
91.24, 109.60872650146484
89.14, 67.56040954589844
90.96, 56.86195755004883
92.66, 76.43714141845703
91.4, 17.390289306640625
90.76, 115.19550323486328
89.44, 62.38228225708008
92.8, 120.10371398925781
90.72, 78.9227294921875
91.54, 79.50271606445312
91.24, 108.42403411865234
89.14, 67.56587982177734
90.96, 57.40149688720703
92.66, 76.69158935546875
91.4, 18.43263816833496
90.76, 114.76371002197266
89.44, 62.986915588378906
92.8, 120.01338958740234
90.72, 79.31292724609375
91.54, 80.35196685791016
91.24, 108.03131866455078
89.14, 67.93140411376953
90.96, 58.19266128540039
92.66, 77.08126831054688
91.4, 19.52475929260254
90.76, 114.07743072509766
89.44, 63.517425537109375
92.8, 119.55290222167969
90.72, 79.42620086669922
91.54, 81.09005737304688
91.24, 107.3167495727539
89.14, 68.21712493896484
90.96, 59.042091369628906
92.66, 77.55634307861328
91.4, 20.679704666137695
90.76, 113.66163635253906
89.44, 64.18932342529297
92.8, 119.37936401367188
90.72, 79.74185943603516
91.54, 81.88969421386719
91.24, 106.53984832763672
89.14, 68.52177429199219
90.96, 59.750675201416016
92.66, 78.1077651977539
91.4, 21.893497467041016
90.76, 113.1454086303711
89.44, 64.79792785644531
92.8, 118.7353744506836
90.72, 80.05470275878906
91.54, 82.75148010253906
91.24, 105.68171691894531
89.14, 68.83512115478516
90.96, 60.643306732177734
92.66, 78.67815399169922
91.4, 23.18584442138672
90.76, 112.64360046386719
89.44, 65.5499267578125
92.8, 118.39060974121094
90.72, 80.37196350097656
91.54, 83.64181518554688
91.24, 104.6260757446289
89.14, 69.1437759399414
90.96, 61.510894775390625
92.66, 79.3641586303711
91.4, 24.559690475463867
90.76, 112.14239501953125
89.44, 66.32759857177734
92.8, 117.96038818359375
90.72, 80.85384368896484
91.54, 84.68670654296875
91.24, 103.50143432617188
89.14, 69.46788787841797
90.96, 62.409706115722656
92.66, 80.05574798583984
91.4, 26.014328002929688
90.76, 111.40508270263672
89.44, 67.16840362548828
92.8, 117.40956115722656
90.72, 81.26008605957031
91.54, 85.94686889648438
91.24, 102.06790161132812
89.14, 69.77561950683594
90.96, 63.47092056274414
92.66, 80.86304473876953
91.4, 27.588727951049805
90.76, 110.72425842285156
89.44, 68.14680480957031
92.8, 117.0498046875
90.72, 81.71739959716797
91.54, 87.36092376708984
91.24, 100.4050064086914
89.14, 70.06808471679688
90.96, 64.69841003417969
92.66, 81.73650360107422
91.4, 29.26195526123047
90.76, 109.92745971679688
89.44, 69.35254669189453
92.8, 116.67298126220703
90.72, 82.27355194091797
91.54, 88.83778381347656
91.24, 98.16419219970703
89.14, 70.31395721435547
90.96, 65.68789672851562
92.66, 82.90009307861328
91.4, 31.095523834228516
90.76, 109.86418914794922
89.44, 70.47348022460938
92.8, 115.73334503173828
90.72, 82.4227523803711
91.54, 90.09540557861328
91.24, 95.46781921386719
89.14, 70.41033935546875
90.96, 67.41212463378906
92.66, 84.22840118408203
91.4, 33.0448112487793
90.76, 109.58692169189453
89.44, 72.47552490234375
92.8, 116.18026733398438
90.72, 83.39994049072266
91.54, 90.70745086669922
91.24, 90.42725372314453
89.14, 69.427490234375
90.96, 67.14204406738281
92.66, 86.61898803710938
91.4, 35.24832534790039
90.76, 112.58028411865234
89.44, 74.61741638183594
92.8, 115.51181030273438
90.72, 83.67506408691406
91.54, 92.5092544555664
91.24, 88.20256805419922
89.14, 69.96353149414062
90.96, 69.38225555419922
92.66, 85.7733154296875
91.4, 37.06112289428711
90.76, 109.45011901855469
89.44, 76.01178741455078
92.8, 116.25633239746094
90.72, 84.1980209350586
91.54, 93.73053741455078
91.24, 86.18994140625
89.14, 69.58963775634766
90.96, 69.38565063476562
92.66, 85.59799194335938
91.4, 38.9835205078125
90.76, 105.2038803100586
89.44, 76.66608428955078
92.8, 115.32926177978516
90.72, 85.34976959228516
91.54, 97.02299499511719
91.24, 87.4145278930664
89.14, 71.50982666015625
90.96, 71.69438171386719
92.66, 85.54319763183594
91.4, 41.11081314086914
90.76, 100.49967193603516
89.44, 76.8538589477539
92.8, 113.25617980957031
90.72, 88.7802963256836
91.54, 101.26651763916016
91.24, 90.73182678222656
89.14, 74.84088134765625
90.96, 72.94121551513672
92.66, 87.74417877197266
91.4, 43.292606353759766
90.76, 94.7303466796875
89.44, 76.34141540527344
92.8, 108.3822250366211
90.72, 90.04042053222656
91.54, 104.03650665283203
91.24, 91.95189666748047
89.14, 78.40540313720703
90.96, 76.08526611328125
92.66, 89.74601745605469
91.4, 45.64258575439453
90.76, 91.2725601196289
89.44, 77.02253723144531
92.8, 104.2188720703125
90.72, 89.86190795898438
91.54, 105.9426498413086
91.24, 91.617431640625
89.14, 80.64498138427734
90.96, 78.99224090576172
92.66, 91.49381256103516
91.4, 48.05794906616211
90.76, 90.13924407958984
89.44, 79.00033569335938
92.8, 102.71903228759766
90.72, 90.85472106933594
91.54, 106.63182067871094
91.24, 90.03850555419922
89.14, 81.74437713623047
90.96, 80.0947494506836
92.66, 92.25564575195312
91.4, 50.23965072631836
90.76, 87.94242858886719
89.44, 80.3691635131836
92.8, 100.59407043457031
90.72, 92.28038024902344
91.54, 106.99212646484375
91.24, 91.33824920654297
89.14, 83.58859252929688
90.96, 81.20648193359375
92.66, 92.42293548583984
91.4, 52.246246337890625
90.76, 85.58695220947266
89.44, 81.06526947021484
92.8, 97.59967041015625
90.72, 92.52476501464844
91.54, 106.83830261230469
91.24, 93.78648376464844
89.14, 85.85527038574219
90.96, 82.93997192382812
92.66, 92.62689971923828
91.4, 54.20668411254883
90.76, 84.3195571899414
89.44, 81.78005981445312
92.8, 94.61554718017578
90.72, 92.2819595336914
91.54, 105.17027282714844
91.24, 95.25341796875
89.14, 87.80309295654297
90.96, 84.41258239746094
92.66, 93.7795639038086
91.4, 56.22906494140625
90.76, 84.98910522460938
89.44, 82.93840026855469
92.8, 92.43463134765625
90.72, 91.62702941894531
91.54, 103.05168914794922
91.24, 94.75987243652344
89.14, 88.83940124511719
90.96, 86.12577056884766
92.66, 94.61962127685547
91.4, 58.3005256652832
90.76, 86.6277084350586
89.44, 84.68671417236328
92.8, 91.9222640991211
90.72, 91.55687713623047
91.54, 100.7273941040039
91.24, 93.08893585205078
89.14, 89.03870391845703
90.96, 87.11886596679688
92.66, 94.95122528076172
91.4, 60.389564514160156
90.76, 88.0003662109375
89.44, 86.51713562011719
92.8, 92.101318359375
90.72, 91.95439910888672
91.54, 99.19922637939453
91.24, 91.74381256103516
89.14, 89.23222351074219
90.96, 88.25481414794922
92.66, 94.6092300415039
91.4, 62.41706848144531
90.76, 88.35322570800781
89.44, 87.85459899902344
92.8, 91.73818969726562
90.72, 92.17176055908203
91.54, 98.20365142822266
91.24, 91.43791961669922
89.14, 89.66938781738281
90.96, 89.23542022705078
92.66, 94.19512939453125
91.4, 64.41638946533203
90.76, 88.026611328125
89.44, 88.72471618652344
92.8, 90.84456634521484
90.72, 92.5310287475586
91.54, 97.07166290283203
91.24, 91.7994384765625
89.14, 90.58455657958984
90.96, 90.04692840576172
92.66, 94.1353759765625
91.4, 66.4075927734375
90.76, 87.8948745727539
89.44, 89.12203216552734
92.8, 89.95014953613281
90.72, 92.30752563476562
91.54, 95.90758514404297
91.24, 92.02366638183594
89.14, 91.22607421875
90.96, 91.16356658935547
92.66, 94.18869018554688
91.4, 68.40161895751953
90.76, 88.60971069335938
89.44, 89.56678771972656
92.8, 89.77261352539062
90.72, 91.62476348876953
91.54, 94.293701171875
91.24, 91.92047119140625
89.14, 91.06745910644531
90.96, 91.77145385742188
92.66, 94.16463470458984
91.4, 70.41377258300781
90.76, 90.1805648803711
89.44, 90.12468719482422
92.8, 89.70317840576172
90.72, 91.39496612548828
91.54, 93.40565490722656
91.24, 90.85188293457031
89.14, 90.62114715576172
90.96, 91.99664306640625
92.66, 94.23588562011719
91.4, 72.42813110351562
90.76, 91.58206939697266
89.44, 90.69425201416016
92.8, 90.1117935180664
90.72, 91.30558013916016
91.54, 92.49298095703125
91.24, 89.51863098144531
89.14, 90.23462677001953
90.96, 92.29407501220703
92.66, 94.71394348144531
91.4, 74.39776611328125
90.76, 92.58972930908203
89.44, 91.0609130859375
92.8, 90.64537048339844
90.72, 91.12628936767578
91.54, 91.77169799804688
91.24, 89.18684387207031
89.14, 89.58634185791016
90.96, 91.83544921875
92.66, 94.16264343261719
91.4, 76.21881866455078
90.76, 93.30825805664062
89.44, 90.9625015258789
92.8, 91.64290618896484
90.72, 90.7262954711914
91.54, 91.40338134765625
91.24, 89.21031951904297
89.14, 89.12318420410156
90.96, 91.66622161865234
92.66, 93.39576721191406
91.4, 78.10345458984375
90.76, 92.96035766601562
89.44, 90.87693786621094
92.8, 91.99588775634766
90.72, 91.05278778076172
91.54, 91.96575164794922
91.24, 89.60311889648438
89.14, 89.21649169921875
90.96, 91.39630126953125
92.66, 92.79975891113281
91.4, 80.01134490966797
90.76, 91.27720642089844
89.44, 90.30516815185547
92.8, 92.1197509765625
90.72, 91.95317840576172
91.54, 93.0531997680664
91.24, 90.98979187011719
89.14, 89.57649993896484
90.96, 90.95838165283203
92.66, 91.8378677368164
91.4, 81.8343734741211
90.76, 88.9511489868164
89.44, 89.62760925292969
92.8, 92.31437683105469
90.72, 92.83518981933594
91.54, 94.50823211669922
91.24, 93.05018615722656
89.14, 90.01373291015625
90.96, 91.34886169433594
92.66, 90.22117614746094
91.4, 83.45037841796875
90.76, 86.17190551757812
89.44, 88.807373046875
92.8, 91.12093353271484
90.72, 92.8683090209961
91.54, 95.36619567871094
91.24, 95.52417755126953
89.14, 91.14759826660156
90.96, 95.074462890625
92.66, 89.83783721923828
91.4, 84.61518096923828
90.76, 86.48640441894531
89.44, 85.5510025024414
92.8, 87.55170440673828
90.72, 90.71438598632812
91.54, 92.05348205566406
91.24, 98.35212707519531
89.14, 91.5113754272461
90.96, 91.84014129638672
92.66, 93.84847259521484
91.4, 85.76220703125
90.76, 91.63116455078125
89.44, 89.81066131591797
92.8, 88.69420623779297
90.72, 87.2591323852539
91.54, 88.53919219970703
91.24, 90.18357849121094
89.14, 88.24497985839844
90.96, 92.84073638916016
92.66, 97.04456329345703
91.4, 87.45614624023438
90.76, 99.12211608886719
89.44, 91.37413787841797
92.8, 92.03356170654297
90.72, 86.50894165039062
91.54, 86.61190795898438
91.24, 83.14237213134766
89.14, 87.16673278808594
90.96, 92.10142517089844
92.66, 101.42822265625
91.4, 88.0177230834961
90.76, 106.27446746826172
89.44, 90.3760757446289
92.8, 92.32238006591797
90.72, 82.59124755859375
91.54, 83.97167205810547
91.24, 78.51004028320312
89.14, 93.4870376586914
90.96, 108.25165557861328
92.66, 98.0650863647461
91.4, 84.0280990600586
90.76, 95.27519989013672
89.44, 79.70935821533203
92.8, 88.57930755615234
90.72, 88.11756896972656
91.54, 90.58264923095703
91.24, 107.38333892822266
89.14, 88.15596771240234
90.96, 80.01545715332031
92.66, 87.06220245361328
91.4, 78.689453125
90.76, 102.53778839111328
89.44, 84.8157958984375
92.8, 91.04271697998047
90.72, 87.2957534790039
91.54, 84.4557113647461
91.24, 98.88648223876953
89.14, 88.82189178466797
90.96, 80.03755950927734
92.66, 91.31995391845703
91.4, 81.09795379638672
90.76, 103.86103057861328
89.44, 87.28458404541016
92.8, 85.01551055908203
90.72, 83.6173095703125
91.54, 85.39253234863281
91.24, 96.99869537353516
89.14, 90.1390609741211
90.96, 86.58477020263672
92.66, 94.5842514038086
91.4, 82.74186706542969
90.76, 101.64569854736328
89.44, 88.62460327148438
92.8, 88.59050750732422
90.72, 86.5460433959961
91.54, 88.06836700439453
91.24, 93.06240844726562
89.14, 89.81443786621094
90.96, 88.31990814208984
92.66, 92.25894165039062
91.4, 85.02819061279297
90.76, 97.72685241699219
89.44, 88.06574249267578
92.8, 82.48631286621094
90.72, 85.96096801757812
91.54, 97.42485809326172
91.24, 100.98085021972656
89.14, 88.75554656982422
90.96, 84.53145599365234
92.66, 81.80262756347656
91.4, 86.39808654785156
90.76, 92.1028823852539
89.44, 95.1858139038086
92.8, 98.48828887939453
90.72, 90.11192321777344
91.54, 86.86307525634766
91.24, 72.8632583618164
89.14, 99.23274230957031
90.96, 99.99727630615234
92.66, 97.1312484741211
91.4, 86.49832916259766
90.76, 53.75310134887695
89.44, 77.4994125366211
92.8, 141.73648071289062
90.72, 84.69757843017578
91.54, 72.2593002319336
91.24, 88.71932220458984
89.14, 66.68104553222656
90.96, 63.75617599487305
92.66, 95.88252258300781
91.4, 61.96131896972656
90.76, 165.6279754638672
89.44, 65.40907287597656
92.8, 69.90020751953125
90.72, 50.152610778808594
91.54, 52.50265121459961
91.24, 74.14688873291016
89.14, 70.28365325927734
90.96, 81.23157501220703
92.66, 127.85337829589844
91.4, 74.68940734863281
90.76, 122.20118713378906
89.44, 63.9561882019043
92.8, 88.52833557128906
90.72, 63.10842514038086
91.54, 70.69088745117188
91.24, 106.88681030273438
89.14, 78.82597351074219
90.96, 75.5381088256836
92.66, 100.677490234375
91.4, 57.923492431640625
90.76, 149.6784210205078
89.44, 69.13127899169922
92.8, 78.72789001464844
90.72, 57.4444580078125
91.54, 59.51982879638672
91.24, 76.93993377685547
89.14, 67.26080322265625
90.96, 70.72657775878906
92.66, 97.05581665039062
91.4, 75.14940643310547
90.76, 160.38722229003906
89.44, 83.46936798095703
92.8, 95.65946197509766
90.72, 62.12174606323242
91.54, 61.68623733520508
91.24, 68.90115356445312
89.14, 58.6523551940918
90.96, 59.572818756103516
92.66, 70.38477325439453
91.4, 77.05778503417969
90.76, 107.0852279663086
89.44, 79.9404296875
92.8, 126.12134552001953
90.72, 89.68362426757812
91.54, 88.9513931274414
91.24, 101.3886947631836
89.14, 75.03955841064453
90.96, 68.66736602783203
92.66, 74.70655822753906
91.4, 82.16927337646484
90.76, 90.13909912109375
89.44, 74.46977233886719
92.8, 102.40365600585938
90.72, 85.52827453613281
91.54, 91.39665222167969
91.24, 109.94313049316406
89.14, 87.07910919189453
90.96, 83.08721160888672
92.66, 85.21077728271484
91.4, 87.57122802734375
90.76, 94.85325622558594
89.44, 91.89038848876953
92.8, 79.76030731201172
90.72, 94.29034423828125
91.54, 99.79425811767578
91.24, 108.01593017578125
89.14, 86.65494537353516
90.96, 79.97779083251953
92.66, 78.71993255615234
91.4, 87.1420669555664
90.76, 86.60810089111328
89.44, 76.79999542236328
92.8, 96.27067565917969
90.72, 85.71821594238281
91.54, 91.92257690429688
91.24, 106.82577514648438
89.14, 88.27836608886719
90.96, 84.10456848144531
92.66, 88.61516571044922
91.4, 90.04966735839844
90.76, 97.47701263427734
89.44, 84.45901489257812
92.8, 97.43251037597656
90.72, 85.79496002197266
91.54, 87.99436950683594
91.24, 94.63806915283203
89.14, 86.29781341552734
90.96, 85.60377502441406
92.66, 89.4263916015625
91.4, 91.73512268066406
90.76, 98.32079315185547
89.44, 90.75366973876953
92.8, 92.37788391113281
90.72, 85.60398864746094
91.54, 88.33961486816406
91.24, 91.3094482421875
89.14, 89.13566589355469
90.96, 90.36966705322266
92.66, 92.67342376708984
91.4, 92.70516204833984
90.76, 96.43846130371094
89.44, 92.1399917602539
92.8, 91.40265655517578
90.72, 87.06220245361328
91.54, 89.14812469482422
91.24, 89.18916320800781
89.14, 88.77886962890625
90.96, 90.47970581054688
92.66, 92.27513885498047
91.4, 92.6115951538086
90.76, 95.76969909667969
89.44, 92.67601776123047
92.8, 93.3663558959961
90.72, 88.94451141357422
91.54, 90.21481323242188
91.24, 87.99796295166016
89.14, 88.06080627441406
90.96, 89.49291229248047
92.66, 91.34135437011719
91.4, 92.25843048095703
90.76, 94.41724395751953
89.44, 92.65084075927734
92.8, 94.41678619384766
90.72, 90.29546356201172
91.54, 91.01656341552734
91.24, 87.3260498046875
89.14, 88.06753540039062
90.96, 89.05013275146484
92.66, 91.13214111328125
91.4, 91.927001953125
90.76, 93.48973846435547
89.44, 92.70203399658203
92.8, 95.18994140625
90.72, 91.77101135253906
91.54, 92.05561828613281
91.24, 87.63086700439453
89.14, 87.75830841064453
90.96, 88.20423889160156
92.66, 89.71961212158203
91.4, 91.44249725341797
90.76, 91.44886779785156
89.44, 91.89201354980469
92.8, 96.41814422607422
90.72, 93.60807800292969
91.54, 93.96033477783203
91.24, 88.88581085205078
89.14, 87.68840026855469
90.96, 87.16817474365234
92.66, 87.48783111572266
91.4, 90.91436004638672
90.76, 88.05732727050781
89.44, 90.3341064453125
92.8, 96.4233169555664
90.72, 94.66316986083984
91.54, 96.73155212402344
91.24, 93.26636505126953
89.14, 88.3050537109375
90.96, 85.86213684082031
92.66, 85.84282684326172
91.4, 90.56607818603516
90.76, 85.25828552246094
89.44, 87.86895751953125
92.8, 92.2066879272461
90.72, 92.48687744140625
91.54, 96.95860290527344
91.24, 97.36314392089844
89.14, 92.64958953857422
90.96, 90.30896759033203
92.66, 89.72781372070312
91.4, 91.14669799804688
90.76, 84.64071655273438
89.44, 87.73836517333984
92.8, 88.67729949951172
90.72, 89.51639556884766
91.54, 93.32849884033203
91.24, 94.62848663330078
89.14, 92.17962646484375
90.96, 92.50338745117188
92.66, 91.40289306640625
91.4, 91.7979965209961
90.76, 89.6947021484375
89.44, 91.33000946044922
92.8, 91.5777816772461
90.72, 88.66742706298828
91.54, 90.74375915527344
91.24, 91.79544067382812
89.14, 89.59123229980469
90.96, 90.00751495361328
92.66, 91.0695571899414
91.4, 91.66986083984375
90.76, 92.44190979003906
89.44, 91.73239135742188
92.8, 94.83584594726562
90.72, 90.12047576904297
91.54, 91.42488098144531
91.24, 91.44473266601562
89.14, 88.55065155029297
90.96, 88.59883117675781
92.66, 89.23636627197266
91.4, 91.23121643066406
90.76, 90.40757751464844
89.44, 90.95462799072266
92.8, 94.09988403320312
90.72, 91.05889129638672
91.54, 92.50765991210938
91.24, 92.76268768310547
89.14, 90.12454986572266
90.96, 89.92264556884766
92.66, 89.04790496826172
91.4, 91.13939666748047
90.76, 88.4774169921875
89.44, 90.70353698730469
92.8, 93.26220703125
90.72, 92.26033782958984
91.54, 93.04745483398438
91.24, 92.59358215332031
89.14, 90.8950424194336
90.96, 90.0748291015625
92.66, 89.6842269897461
91.4, 91.27412414550781
90.76, 88.7672119140625
89.44, 89.9081802368164
92.8, 91.9754638671875
90.72, 90.10407257080078
91.54, 92.18045043945312
91.24, 93.0788345336914
89.14, 90.58869934082031
90.96, 90.41160583496094
92.66, 91.35687255859375
91.4, 91.51651000976562
90.76, 91.0210952758789
89.44, 90.50234985351562
92.8, 92.93779754638672
90.72, 89.84345245361328
