76.52, -0.9153022766113281
82.68, 3.539057970046997
84.14, 2.79105544090271
83.0, 18.796606063842773
80.16, 50.754241943359375
83.14, 29.315507888793945
82.78, 101.54768371582031
83.36, 30.52079963684082
82.02, 221.2821807861328
82.76, 92.00364685058594
83.34, 50.80987548828125
81.0, 37.75020217895508
79.82, 36.709468841552734
83.5, 32.253387451171875
82.8, 72.84110260009766
83.04, 91.48468017578125
82.7, 59.459083557128906
83.86, 52.87214279174805
78.08, 41.74163818359375
82.94, 102.72249603271484
76.52, 43.35270309448242
82.68, 71.42741394042969
84.14, 16.169370651245117
83.0, 63.16941833496094
80.16, 98.58942413330078
83.14, 32.38367462158203
82.78, 65.58206939697266
83.36, 21.735689163208008
82.02, 98.20807647705078
82.76, 59.44388961791992
83.34, 51.18956756591797
81.0, 51.79761505126953
79.82, 57.55586242675781
83.5, 64.85627746582031
82.8, 182.25930786132812
83.04, 215.09771728515625
82.7, 110.10285949707031
83.86, 69.95280456542969
78.08, 42.522979736328125
82.94, 66.51885223388672
76.52, 24.988401412963867
82.68, 33.22175598144531
84.14, 9.595817565917969
83.0, 22.26289939880371
80.16, 28.924821853637695
83.14, 12.77906322479248
82.78, 19.808847427368164
83.36, 10.356948852539062
82.02, 25.425500869750977
82.76, 18.26945686340332
83.34, 18.177780151367188
81.0, 18.22526741027832
79.82, 19.000301361083984
83.5, 21.792078018188477
82.8, 48.53205108642578
83.04, 78.70729064941406
82.7, 67.9815902709961
83.86, 75.24696350097656
78.08, 72.69496154785156
82.94, 183.68858337402344
76.52, 67.72650146484375
82.68, 98.73706817626953
84.14, 21.88405418395996
83.0, 59.7640266418457
80.16, 77.94245910644531
83.14, 26.663450241088867
82.78, 43.987518310546875
83.36, 19.16141700744629
82.02, 51.979087829589844
82.76, 35.83965301513672
83.34, 30.66994857788086
81.0, 29.969642639160156
79.82, 30.00646209716797
83.5, 32.52193069458008
82.8, 69.00008392333984
83.04, 100.63076782226562
82.7, 77.92735290527344
83.86, 75.64971923828125
78.08, 65.26029205322266
82.94, 131.51336669921875
76.52, 60.043373107910156
82.68, 96.1117935180664
84.14, 26.076013565063477
83.0, 72.58731842041016
80.16, 103.69464111328125
83.14, 36.02323913574219
82.78, 63.60819625854492
83.36, 28.263731002807617
82.02, 78.27428436279297
82.76, 56.239444732666016
83.34, 45.47824478149414
81.0, 45.3925666809082
79.82, 44.65085983276367
83.5, 48.518882751464844
82.8, 107.5591812133789
83.04, 150.15321350097656
82.7, 101.28004455566406
83.86, 84.4388427734375
78.08, 64.13565063476562
82.94, 106.40025329589844
76.52, 49.08759307861328
82.68, 71.30194091796875
84.14, 23.448726654052734
83.0, 52.52790832519531
80.16, 71.30982208251953
83.14, 29.713197708129883
82.78, 48.61977767944336
83.36, 25.90447998046875
82.02, 61.151615142822266
82.76, 46.85000228881836
83.34, 40.86866760253906
81.0, 41.55686569213867
79.82, 40.5398063659668
83.5, 44.518333435058594
82.8, 91.70587921142578
83.04, 130.7943572998047
82.7, 97.66850280761719
83.86, 88.42869567871094
78.08, 72.30497741699219
82.94, 124.91670989990234
76.52, 58.76348114013672
82.68, 86.4639892578125
84.14, 28.330089569091797
83.0, 63.11698913574219
80.16, 84.50025177001953
83.14, 34.82283020019531
82.78, 55.66456985473633
83.36, 29.694480895996094
82.02, 67.32374572753906
82.76, 51.30528259277344
83.34, 44.430973052978516
81.0, 44.68498992919922
79.82, 42.67964172363281
83.5, 46.36634826660156
82.8, 90.174072265625
83.04, 125.17098236083984
82.7, 95.50804138183594
83.86, 87.35301208496094
78.08, 72.71379089355469
82.94, 121.3615493774414
76.52, 59.94636535644531
82.68, 87.67547607421875
84.14, 30.83386993408203
83.0, 65.209228515625
80.16, 86.66963195800781
83.14, 37.272525787353516
82.78, 58.25922393798828
83.36, 32.70541763305664
82.02, 70.02978515625
82.76, 54.767066955566406
83.34, 47.5213623046875
81.0, 48.0941162109375
79.82, 45.19850158691406
83.5, 49.00132369995117
82.8, 91.92195129394531
83.04, 125.26597595214844
82.7, 96.7450180053711
83.86, 88.09841918945312
78.08, 73.69154357910156
82.94, 117.17683410644531
76.52, 60.43598556518555
82.68, 86.75833892822266
84.14, 32.867431640625
83.0, 65.12946319580078
80.16, 85.21168518066406
83.14, 38.84840774536133
82.78, 58.839778900146484
83.36, 35.147335052490234
82.02, 70.40355682373047
82.76, 56.692073822021484
83.34, 49.566219329833984
81.0, 50.44774627685547
79.82, 46.897613525390625
83.5, 50.802513122558594
82.8, 91.42530059814453
83.04, 122.42230987548828
82.7, 96.66108703613281
83.86, 88.65840911865234
78.08, 75.09876251220703
82.94, 115.19985961914062
76.52, 61.89658737182617
82.68, 87.63831329345703
84.14, 35.44244384765625
83.0, 66.75372314453125
80.16, 85.7932357788086
83.14, 41.113319396972656
82.78, 60.391929626464844
83.36, 37.71870040893555
82.02, 71.60317993164062
82.76, 58.82613754272461
83.34, 51.79676055908203
81.0, 52.76071548461914
79.82, 48.6419677734375
83.5, 52.6701774597168
82.8, 90.64802551269531
83.04, 118.86306762695312
82.7, 96.13667297363281
83.86, 88.89952087402344
78.08, 76.36207580566406
82.94, 112.72608947753906
76.52, 63.32883834838867
82.68, 88.52595520019531
84.14, 38.12657165527344
83.0, 68.2376480102539
80.16, 86.2635269165039
83.14, 43.44283676147461
82.78, 62.01225280761719
83.36, 40.6982421875
82.02, 73.16249084472656
82.76, 61.51351547241211
83.34, 54.56169891357422
81.0, 55.68570327758789
79.82, 50.84242630004883
83.5, 54.99103546142578
82.8, 90.8033447265625
83.04, 116.33455657958984
82.7, 96.1456069946289
83.86, 89.34838104248047
78.08, 77.4951171875
82.94, 109.54440307617188
76.52, 64.46622467041016
82.68, 88.62503051757812
84.14, 40.88369369506836
83.0, 69.51802062988281
80.16, 85.85700225830078
83.14, 45.76182556152344
82.78, 63.32617950439453
83.36, 43.56982421875
82.02, 74.37388610839844
82.76, 63.90912628173828
83.34, 57.17521286010742
81.0, 58.34735870361328
79.82, 52.97457504272461
83.5, 57.21909713745117
82.8, 90.48628997802734
83.04, 112.95390319824219
82.7, 95.80218505859375
83.86, 89.6885757446289
78.08, 78.74130249023438
82.94, 106.26641082763672
76.52, 65.74907684326172
82.68, 88.94659423828125
84.14, 43.85186004638672
83.0, 70.69123840332031
80.16, 85.2295913696289
83.14, 48.112327575683594
82.78, 64.61955261230469
83.36, 46.85594177246094
82.02, 76.03850555419922
82.76, 66.89854431152344
83.34, 60.488319396972656
81.0, 61.70718765258789
79.82, 55.61501693725586
83.5, 60.02177810668945
82.8, 91.24960327148438
83.04, 110.54058074951172
82.7, 95.91831970214844
83.86, 90.2311782836914
78.08, 79.6393814086914
82.94, 102.05953979492188
76.52, 66.60181427001953
82.68, 88.05493927001953
84.14, 47.096885681152344
83.0, 71.93083190917969
80.16, 83.63756561279297
83.14, 50.50641632080078
82.78, 65.83575439453125
83.36, 49.977935791015625
82.02, 77.570068359375
82.76, 69.5876693725586
83.34, 63.902225494384766
81.0, 65.08895874023438
79.82, 58.49477767944336
83.5, 62.99341583251953
82.8, 92.25630187988281
83.04, 108.36921691894531
82.7, 96.06388854980469
83.86, 90.4176025390625
78.08, 80.39205932617188
82.94, 95.19476318359375
76.52, 66.32386016845703
82.68, 85.67279815673828
84.14, 49.9986686706543
83.0, 70.66119384765625
80.16, 79.60313415527344
83.14, 52.66740798950195
82.78, 67.12311553955078
83.36, 54.50768280029297
82.02, 82.91426086425781
82.76, 75.27818298339844
83.34, 70.1666030883789
81.0, 70.98478698730469
79.82, 63.241390228271484
83.5, 68.2254638671875
82.8, 97.24351501464844
83.04, 109.625732421875
82.7, 96.9322509765625
83.86, 90.5593032836914
78.08, 79.59696960449219
82.94, 88.90754699707031
76.52, 65.9150161743164
82.68, 82.34368133544922
84.14, 53.44681930541992
83.0, 72.34178924560547
80.16, 77.78933715820312
83.14, 54.91887664794922
82.78, 67.93678283691406
83.36, 56.77084732055664
82.02, 82.64385986328125
82.76, 74.87614440917969
83.34, 72.90416717529297
81.0, 73.34700775146484
79.82, 65.31409454345703
83.5, 70.10151672363281
82.8, 95.2205581665039
83.04, 105.8321304321289
82.7, 96.10425567626953
83.86, 91.11906433105469
78.08, 81.3258056640625
82.94, 86.41880798339844
76.52, 67.1512451171875
82.68, 82.80648040771484
84.14, 56.76326370239258
83.0, 73.19110107421875
80.16, 76.3747787475586
83.14, 57.326019287109375
82.78, 69.5884780883789
83.36, 60.266353607177734
82.02, 85.65422821044922
82.76, 76.79857635498047
83.34, 76.5602798461914
81.0, 75.50157928466797
79.82, 67.48136901855469
83.5, 72.42240905761719
82.8, 94.04953002929688
83.04, 100.10755920410156
82.7, 92.53850555419922
83.86, 90.33409881591797
78.08, 81.11317443847656
82.94, 85.65721130371094
76.52, 69.33190155029297
82.68, 84.49695587158203
84.14, 61.6347770690918
83.0, 78.65107727050781
80.16, 77.99345397949219
83.14, 60.62451934814453
82.78, 71.68084716796875
83.36, 63.35135269165039
82.02, 86.8510513305664
82.76, 77.71153259277344
83.34, 79.90235137939453
81.0, 78.36266326904297
79.82, 69.94567108154297
83.5, 74.3145980834961
82.8, 93.03211212158203
83.04, 95.62037658691406
82.7, 90.85576629638672
83.86, 89.81858825683594
78.08, 81.54409790039062
82.94, 80.41088104248047
76.52, 71.10038757324219
82.68, 85.61339569091797
84.14, 65.72911834716797
83.0, 81.94872283935547
80.16, 79.19148254394531
83.14, 63.22125244140625
82.78, 74.01264953613281
83.36, 66.78560638427734
82.02, 86.7331314086914
82.76, 77.78412628173828
83.34, 82.38157653808594
81.0, 79.68939208984375
79.82, 70.15093994140625
83.5, 73.86913299560547
82.8, 84.40946960449219
83.04, 83.03352355957031
82.7, 88.30912017822266
83.86, 93.7956314086914
78.08, 88.30531311035156
82.94, 92.2015609741211
76.52, 77.70973205566406
82.68, 89.70234680175781
84.14, 69.78704071044922
83.0, 81.7453842163086
80.16, 70.77417755126953
83.14, 63.55995559692383
82.78, 72.4468002319336
83.36, 68.94602966308594
82.02, 83.45796203613281
82.76, 78.3212890625
83.34, 82.48982238769531
81.0, 78.72866821289062
79.82, 72.04718780517578
83.5, 74.6764144897461
82.8, 86.42132568359375
83.04, 82.64061737060547
82.7, 87.81062316894531
83.86, 92.86768341064453
78.08, 85.94876861572266
82.94, 89.18946075439453
76.52, 80.24890899658203
82.68, 88.40170288085938
84.14, 72.84313201904297
83.0, 85.43830871582031
80.16, 78.55513763427734
83.14, 66.32013702392578
82.78, 74.31172943115234
83.36, 71.4666519165039
82.02, 80.24357604980469
82.76, 77.60565185546875
83.34, 81.4343490600586
81.0, 76.8696060180664
79.82, 71.4757080078125
83.5, 72.11979675292969
82.8, 78.8231201171875
83.04, 72.65595245361328
82.7, 84.5311279296875
83.86, 93.78620910644531
78.08, 88.58422088623047
82.94, 96.22418212890625
76.52, 86.43212890625
82.68, 91.29537200927734
84.14, 75.97909545898438
83.0, 86.67606353759766
80.16, 79.01394653320312
83.14, 67.45800018310547
82.78, 74.60859680175781
83.36, 73.02493286132812
82.02, 76.86873626708984
82.76, 78.38117980957031
83.34, 79.1120834350586
81.0, 74.47383117675781
79.82, 71.74285125732422
83.5, 70.90862274169922
82.8, 79.77883911132812
83.04, 76.70965576171875
82.7, 84.68209075927734
83.86, 91.38871765136719
78.08, 85.65375518798828
82.94, 92.11558532714844
76.52, 86.88426971435547
82.68, 90.5931625366211
84.14, 77.7400131225586
83.0, 88.4028091430664
80.16, 83.42504119873047
83.14, 69.76937866210938
82.78, 76.83902740478516
83.36, 76.07266998291016
82.02, 78.04896545410156
82.76, 81.67082977294922
83.34, 80.44977569580078
81.0, 76.00700378417969
79.82, 72.03353881835938
83.5, 70.30516052246094
82.8, 75.24441528320312
83.04, 68.81773376464844
82.7, 80.78995513916016
83.86, 88.98609924316406
78.08, 86.0653076171875
82.94, 94.69911193847656
76.52, 91.02989196777344
82.68, 95.24027252197266
84.14, 79.39015197753906
83.0, 90.0123291015625
80.16, 84.83541107177734
83.14, 71.58770751953125
82.78, 77.38780212402344
83.36, 74.68958282470703
82.02, 75.20929718017578
82.76, 78.8537368774414
83.34, 74.78089141845703
81.0, 71.21884155273438
79.82, 71.59136199951172
83.5, 71.15776824951172
82.8, 78.82595825195312
83.04, 77.90226745605469
82.7, 81.55729675292969
83.86, 84.4698257446289
78.08, 79.16704559326172
82.94, 86.78429412841797
76.52, 84.9380874633789
82.68, 90.71024322509766
84.14, 80.21693420410156
83.0, 94.71987915039062
80.16, 96.59016418457031
83.14, 76.2638168334961
82.78, 83.453369140625
83.36, 78.31026458740234
82.02, 79.92010498046875
82.76, 82.1277847290039
83.34, 75.68021392822266
81.0, 72.93138122558594
79.82, 70.29674530029297
83.5, 68.69078063964844
82.8, 73.61050415039062
83.04, 70.31653594970703
82.7, 77.3033676147461
83.86, 78.84880065917969
78.08, 77.53484344482422
82.94, 87.92991638183594
76.52, 83.00685119628906
82.68, 92.05528259277344
84.14, 80.83818054199219
83.0, 93.51123809814453
80.16, 98.4653091430664
83.14, 73.31452941894531
82.78, 69.3863296508789
83.36, 78.33041381835938
82.02, 67.64376068115234
82.76, 87.76988220214844
83.34, 84.48007202148438
81.0, 84.0451889038086
79.82, 79.67713165283203
83.5, 77.88248443603516
82.8, 83.01876831054688
83.04, 76.22808837890625
82.7, 85.4848403930664
83.86, 88.67933654785156
78.08, 79.55589294433594
82.94, 74.96330261230469
76.52, 88.21530151367188
82.68, 92.49244689941406
84.14, 81.652587890625
83.0, 93.25308227539062
80.16, 91.84921264648438
83.14, 77.76390075683594
82.78, 82.3363265991211
83.36, 78.54371643066406
82.02, 77.41795349121094
82.76, 73.31031036376953
83.34, 71.1015853881836
81.0, 69.95330047607422
79.82, 73.52680206298828
83.5, 75.34012603759766
82.8, 80.41999816894531
83.04, 80.65274810791016
82.7, 82.70259857177734
83.86, 81.2990951538086
78.08, 77.826904296875
82.94, 84.67323303222656
76.52, 82.29762268066406
82.68, 84.02347564697266
84.14, 80.92694091796875
83.0, 90.23353576660156
80.16, 91.13094329833984
83.14, 79.15157318115234
82.78, 83.15006256103516
83.36, 80.60347747802734
82.02, 82.37854766845703
82.76, 83.2425765991211
83.34, 76.62191772460938
81.0, 77.24614715576172
79.82, 70.546630859375
83.5, 73.92899322509766
82.8, 73.99258422851562
83.04, 75.96324920654297
82.7, 91.54782104492188
83.86, 88.6993637084961
78.08, 83.18412017822266
82.94, 84.52371978759766
76.52, 83.47151184082031
82.68, 81.93041229248047
84.14, 82.34395599365234
83.0, 86.05968475341797
80.16, 85.30442810058594
83.14, 81.50868225097656
82.78, 89.82408142089844
83.36, 85.11286926269531
82.02, 91.89862823486328
82.76, 90.89825439453125
83.34, 80.05005645751953
81.0, 76.19819641113281
79.82, 70.32313537597656
83.5, 70.21505737304688
82.8, 73.650634765625
83.04, 75.2365493774414
82.7, 74.64579010009766
83.86, 74.26937866210938
78.08, 72.88359832763672
82.94, 85.78142547607422
76.52, 74.8626480102539
82.68, 78.26226806640625
84.14, 75.42634582519531
83.0, 85.88982391357422
80.16, 97.77204895019531
83.14, 74.93708801269531
82.78, 85.94390106201172
83.36, 79.42076873779297
82.02, 89.1329345703125
82.76, 85.88028717041016
83.34, 81.27000427246094
81.0, 79.95955657958984
79.82, 76.92682647705078
83.5, 78.33733367919922
82.8, 82.19749450683594
83.04, 84.0560073852539
82.7, 80.0676040649414
83.86, 77.29199981689453
78.08, 74.59895324707031
82.94, 80.74979400634766
76.52, 74.24708557128906
82.68, 78.73493194580078
84.14, 81.10791015625
83.0, 79.42439270019531
80.16, 83.87492370605469
83.14, 80.34501647949219
82.78, 85.39659118652344
83.36, 84.69266510009766
82.02, 93.83826446533203
82.76, 90.77655029296875
83.34, 86.31620788574219
81.0, 83.04440307617188
79.82, 78.94627380371094
83.5, 79.81196594238281
82.8, 82.33415985107422
83.04, 84.71459197998047
82.7, 81.04106140136719
83.86, 78.07268524169922
78.08, 75.53514862060547
82.94, 80.42745208740234
76.52, 74.15782928466797
82.68, 80.32596588134766
84.14, 78.08463287353516
83.0, 79.03629302978516
80.16, 85.18109893798828
83.14, 74.99163055419922
82.78, 81.1512451171875
83.36, 79.25971984863281
82.02, 85.1427993774414
82.76, 82.92071533203125
83.34, 81.36368560791016
81.0, 80.012451171875
79.82, 77.9509048461914
83.5, 80.09870147705078
82.8, 87.5141372680664
83.04, 92.30687713623047
82.7, 86.60514831542969
83.86, 82.18712615966797
78.08, 78.71224975585938
82.94, 86.0019302368164
76.52, 75.9924545288086
82.68, 80.1955795288086
84.14, 81.08129119873047
83.0, 77.82685089111328
80.16, 80.56092071533203
83.14, 78.06729888916016
82.78, 79.46992492675781
83.36, 81.8773422241211
82.02, 83.8337631225586
82.76, 83.40044403076172
83.34, 84.51435089111328
81.0, 82.17393493652344
79.82, 80.10536193847656
83.5, 83.07861328125
82.8, 81.54470825195312
83.04, 82.28141784667969
82.7, 80.23794555664062
83.86, 78.6835708618164
78.08, 77.40506744384766
82.94, 82.02571105957031
76.52, 76.81409454345703
82.68, 80.45362091064453
84.14, 84.24407196044922
83.0, 81.18816375732422
80.16, 83.52120971679688
83.14, 82.39032745361328
82.78, 84.62371063232422
83.36, 85.02442169189453
82.02, 89.48992919921875
82.76, 86.52204895019531
83.34, 86.23888397216797
81.0, 82.78157806396484
79.82, 80.15166473388672
83.5, 82.45994567871094
82.8, 81.9473876953125
83.04, 83.21861267089844
82.7, 80.80805206298828
83.86, 78.7828369140625
78.08, 77.25428009033203
82.94, 81.95455169677734
76.52, 76.0091552734375
82.68, 80.2188720703125
84.14, 81.17938232421875
83.0, 79.31965637207031
80.16, 82.98716735839844
83.14, 77.8832015991211
82.78, 80.97047424316406
83.36, 81.1949462890625
82.02, 83.97879791259766
82.76, 82.72471618652344
83.34, 82.73375701904297
81.0, 80.75853729248047
79.82, 79.10601043701172
83.5, 82.10194396972656
82.8, 85.2651596069336
83.04, 88.35176086425781
82.7, 84.90719604492188
83.86, 82.08042907714844
78.08, 79.88296508789062
82.94, 85.34009552001953
76.52, 77.67859649658203
82.68, 81.4946517944336
84.14, 82.83341217041016
83.0, 79.87416076660156
80.16, 81.78114318847656
83.14, 79.65687561035156
82.78, 80.72528839111328
83.36, 82.3880615234375
82.02, 82.75150299072266
82.76, 82.36573791503906
83.34, 83.84723663330078
81.0, 81.09980010986328
79.82, 79.72871398925781
83.5, 83.2896728515625
82.8, 81.88851165771484
83.04, 82.59064483642578
82.7, 81.16954803466797
83.86, 80.0186767578125
78.08, 78.64803314208984
82.94, 82.17423248291016
76.52, 77.6600341796875
82.68, 81.1992416381836
84.14, 84.72721099853516
83.0, 81.61376190185547
80.16, 82.96849060058594
83.14, 82.56561279296875
82.78, 83.30974578857422
83.36, 84.51985931396484
82.02, 85.9439468383789
82.76, 84.65611267089844
83.34, 85.53189849853516
81.0, 82.10638427734375
79.82, 80.39061737060547
83.5, 83.6419448852539
82.8, 82.40144348144531
83.04, 83.06869506835938
82.7, 81.41041564941406
83.86, 80.02725219726562
78.08, 78.4480972290039
82.94, 81.86502838134766
76.52, 77.07818603515625
82.68, 80.75227355957031
84.14, 83.10383605957031
83.0, 80.53567504882812
80.16, 82.37567901611328
83.14, 80.35662078857422
82.78, 81.88272094726562
83.36, 82.50183868408203
82.02, 84.01835632324219
82.76, 82.98497772216797
83.34, 83.5613784790039
81.0, 80.86618041992188
79.82, 79.56958770751953
83.5, 83.21841430664062
82.8, 83.66461944580078
83.04, 85.40316772460938
82.7, 83.34324645996094
83.86, 81.68228912353516
78.08, 79.7806625366211
82.94, 83.74444580078125
76.52, 77.90861511230469
82.68, 81.6594009399414
84.14, 83.69965362548828
83.0, 80.86897277832031
80.16, 82.1659164428711
83.14, 81.03430938720703
82.78, 81.61598205566406
83.36, 82.78544616699219
82.02, 83.35407257080078
82.76, 82.50371551513672
83.34, 83.69224548339844
81.0, 80.68012237548828
79.82, 79.67262268066406
83.5, 83.52455139160156
82.8, 82.38655853271484
83.04, 83.02723693847656
82.7, 81.98969268798828
83.86, 80.79914093017578
78.08, 79.03512573242188
82.94, 82.34764862060547
76.52, 77.23931884765625
82.68, 80.87483215332031
84.14, 84.56558990478516
83.0, 81.6166000366211
80.16, 82.8739013671875
83.14, 82.53724670410156
82.78, 82.81966400146484
83.36, 83.88556671142578
82.02, 84.73316955566406
82.76, 83.715087890625
83.34, 84.6635971069336
81.0, 81.33837127685547
79.82, 80.17290496826172
83.5, 83.90888977050781
82.8, 82.73015594482422
83.04, 83.38304901123047
82.7, 82.12158203125
83.86, 80.82494354248047
78.08, 79.02816772460938
82.94, 82.23174285888672
76.52, 77.45036315917969
82.68, 81.18510437011719
84.14, 83.80140686035156
83.0, 80.98908233642578
80.16, 82.22266387939453
83.14, 81.52774047851562
82.78, 81.91898345947266
83.36, 82.86723327636719
82.02, 83.66744995117188
82.76, 82.84394836425781
83.34, 83.64751434326172
81.0, 80.69892120361328
79.82, 79.7177963256836
83.5, 83.62762451171875
82.8, 83.1090316772461
83.04, 84.18994903564453
82.7, 82.85301208496094
83.86, 81.50476837158203
78.08, 79.56184387207031
82.94, 83.05110931396484
76.52, 77.78971862792969
82.68, 81.62458038330078
84.14, 84.1082763671875
83.0, 81.24207305908203
80.16, 82.18841552734375
83.14, 81.9497299194336
82.78, 81.9046859741211
83.36, 83.072509765625
82.02, 83.44403076171875
82.76, 82.73008728027344
83.34, 83.72738647460938
81.0, 80.64305114746094
79.82, 79.77627563476562
83.5, 83.739990234375
82.8, 82.5899429321289
83.04, 83.19755554199219
82.7, 82.29408264160156
83.86, 81.1565170288086
78.08, 79.1642074584961
82.94, 82.43843078613281
76.52, 77.54651641845703
82.68, 81.5210952758789
84.14, 84.4222640991211
83.0, 81.56653594970703
80.16, 82.3936996459961
83.14, 82.54084777832031
82.78, 82.36808776855469
83.36, 83.47407531738281
82.02, 83.92561340332031
82.76, 83.1431655883789
83.34, 84.01829528808594
81.0, 80.76261901855469
79.82, 79.84583282470703
83.5, 83.83765411376953
82.8, 82.73489379882812
83.04, 82.48516082763672
82.7, 82.33059692382812
83.86, 81.17032623291016
78.08, 78.39686584472656
82.94, 82.7854232788086
76.52, 77.32220458984375
82.68, 81.82474517822266
84.14, 84.30712890625
83.0, 81.81655883789062
80.16, 82.75131225585938
83.14, 82.44840240478516
82.78, 82.43164825439453
83.36, 83.31903076171875
82.02, 83.84251403808594
82.76, 83.11721801757812
83.34, 83.72821807861328
81.0, 80.6598892211914
79.82, 79.76541137695312
83.5, 83.63142395019531
82.8, 82.95050811767578
83.04, 83.62982177734375
82.7, 82.61795806884766
83.86, 81.40861511230469
78.08, 79.11361694335938
82.94, 82.47560119628906
76.52, 77.238037109375
82.68, 81.42867279052734
84.14, 84.04124450683594
83.0, 81.39083862304688
80.16, 82.06554412841797
83.14, 82.20413970947266
82.78, 81.99676513671875
83.36, 83.1211166381836
82.02, 83.38845825195312
82.76, 82.86683654785156
83.34, 83.60501098632812
81.0, 80.56147003173828
79.82, 79.76696014404297
83.5, 83.75621795654297
82.8, 83.06987762451172
83.04, 83.662841796875
82.7, 82.7499008178711
83.86, 81.51052856445312
78.08, 78.25759887695312
82.94, 82.64895629882812
