97.84, 0.4510836899280548
97.88, 15.728324890136719
98.74, 45.733055114746094
96.88, 32.965087890625
98.1, 160.69810485839844
97.9, 100.08711242675781
98.72, 58.076351165771484
98.48, 147.22293090820312
98.72, 94.28670501708984
97.86, 65.20061492919922
97.84, 53.91093826293945
97.88, 112.16503143310547
98.74, 102.6352310180664
96.88, 32.32952117919922
98.1, 82.2294921875
97.9, 62.4135627746582
98.72, 46.907958984375
98.48, 142.66477966308594
98.72, 109.72399139404297
97.86, 85.16810607910156
97.84, 74.60218811035156
97.88, 155.9361114501953
98.74, 125.16692352294922
96.88, 33.93671798706055
98.1, 70.28760528564453
97.9, 45.7093620300293
98.72, 30.057653427124023
98.48, 74.90055084228516
98.72, 65.01122283935547
97.86, 61.28938293457031
97.84, 65.43607330322266
97.88, 161.70877075195312
98.74, 145.06275939941406
96.88, 41.905277252197266
98.1, 90.48546600341797
97.9, 58.88688278198242
98.72, 38.03799057006836
98.48, 92.5430679321289
98.72, 75.28015899658203
97.86, 65.79573822021484
97.84, 64.64493560791016
97.88, 144.5502166748047
98.74, 135.23033142089844
96.88, 42.561763763427734
98.1, 95.08434295654297
97.9, 64.42152404785156
98.72, 42.882118225097656
98.48, 106.40735626220703
98.72, 85.94298553466797
97.86, 73.56593322753906
97.84, 70.28514099121094
97.88, 150.88946533203125
98.74, 136.2806396484375
96.88, 42.436038970947266
98.1, 90.11134338378906
97.9, 60.00431823730469
98.72, 39.541141510009766
98.48, 93.78082275390625
98.72, 76.17820739746094
97.86, 66.23152160644531
97.84, 64.17047119140625
97.88, 136.90318298339844
98.74, 131.70736694335938
96.88, 44.67836380004883
98.1, 99.49344635009766
97.9, 69.00222778320312
98.72, 46.67090606689453
98.48, 114.00105285644531
98.72, 91.29950714111328
97.86, 77.13239288330078
97.84, 72.2740707397461
97.88, 147.9697723388672
98.74, 134.12950134277344
96.88, 43.905120849609375
98.1, 90.5047836303711
97.9, 61.02804183959961
98.72, 40.77090072631836
98.48, 93.93708038330078
98.72, 76.43265533447266
97.86, 66.60393524169922
97.84, 64.346923828125
97.88, 133.09286499023438
98.74, 129.54945373535156
96.88, 46.23286819458008
98.1, 100.65718078613281
97.9, 70.83045196533203
98.72, 48.591922760009766
98.48, 116.67364501953125
98.72, 93.54637908935547
97.86, 79.06783294677734
97.84, 73.75101470947266
97.88, 146.64295959472656
98.74, 133.32733154296875
96.88, 45.43619155883789
98.1, 90.62821197509766
97.9, 61.67607879638672
98.72, 41.77024841308594
98.48, 93.49575805664062
98.72, 76.50853729248047
97.86, 67.15966033935547
97.84, 65.02757263183594
97.88, 131.0614471435547
98.74, 128.6745147705078
96.88, 47.932003021240234
98.1, 101.28681182861328
97.9, 71.9994888305664
98.72, 50.04141616821289
98.48, 117.41995239257812
98.72, 94.5126953125
97.86, 80.24332427978516
97.84, 74.84745788574219
97.88, 144.9176788330078
98.74, 132.45457458496094
96.88, 47.03620910644531
98.1, 90.66519927978516
97.9, 62.30678939819336
98.72, 42.82090759277344
98.48, 93.1082992553711
98.72, 76.62036895751953
97.86, 67.69730377197266
97.84, 65.62362670898438
97.88, 128.5413360595703
98.74, 127.50233459472656
96.88, 49.687374114990234
98.1, 102.09809112548828
97.9, 73.38604736328125
98.72, 51.70948791503906
98.48, 118.67443084716797
98.72, 95.85697174072266
97.86, 81.7039794921875
97.84, 76.1333236694336
97.88, 143.14297485351562
98.74, 131.57681274414062
96.88, 48.75497055053711
98.1, 90.7773666381836
97.9, 63.02326202392578
98.72, 43.9622802734375
98.48, 92.94416046142578
98.72, 77.00899505615234
97.86, 68.57953643798828
97.84, 66.6070327758789
97.88, 126.91771697998047
98.74, 126.99118041992188
96.88, 51.490745544433594
98.1, 102.64599609375
97.9, 74.3523941040039
98.72, 52.985496520996094
98.48, 118.741455078125
98.72, 96.31925201416016
97.86, 82.52300262451172
97.84, 76.92304992675781
97.88, 140.7439727783203
98.74, 130.5923309326172
96.88, 50.535064697265625
98.1, 91.21295928955078
97.9, 63.98243713378906
98.72, 45.32703399658203
98.48, 93.3362045288086
98.72, 77.93286895751953
97.86, 69.98028564453125
97.84, 68.1065444946289
97.88, 125.96259307861328
98.74, 127.05403137207031
96.88, 53.51979446411133
98.1, 103.04867553710938
97.9, 75.1084213256836
98.72, 54.094322204589844
98.48, 117.89118194580078
98.72, 96.16390991210938
97.86, 83.0194320678711
97.84, 77.57703399658203
97.88, 137.6616973876953
98.74, 129.5842742919922
96.88, 52.6568603515625
98.1, 92.05381774902344
97.9, 65.36649322509766
98.72, 47.11921691894531
98.48, 94.75949096679688
98.72, 79.83871459960938
97.86, 72.37419891357422
97.84, 70.63005828857422
97.88, 126.72709655761719
98.74, 128.3775634765625
96.88, 55.878238677978516
98.1, 102.57781982421875
97.9, 74.86055755615234
98.72, 54.4787712097168
98.48, 114.36003112792969
98.72, 94.215576171875
97.86, 82.49681091308594
97.84, 77.7387924194336
97.88, 133.70504760742188
98.74, 128.6669921875
96.88, 55.22549057006836
98.1, 93.40505981445312
97.9, 67.17671966552734
98.72, 49.23227310180664
98.48, 96.96847534179688
98.72, 82.52777862548828
97.86, 75.50804138183594
97.84, 73.80767059326172
97.88, 127.66804504394531
98.74, 129.8972930908203
96.88, 58.450592041015625
98.1, 101.72330474853516
97.9, 74.20166015625
98.72, 54.54648208618164
98.48, 109.71390533447266
98.72, 91.61000061035156
97.86, 81.69245147705078
97.84, 77.85967254638672
97.88, 129.1607666015625
98.74, 128.0626678466797
96.88, 58.33985900878906
98.1, 95.49269104003906
97.9, 69.53123474121094
98.72, 51.76267623901367
98.48, 100.13836669921875
98.72, 86.02845001220703
97.86, 79.3539047241211
97.84, 77.58509063720703
97.88, 128.4706573486328
98.74, 131.1217803955078
96.88, 61.12445068359375
98.1, 99.35697937011719
97.9, 72.35137176513672
98.72, 53.898677825927734
98.48, 103.1371078491211
98.72, 88.1446304321289
97.86, 80.89130401611328
97.84, 78.55010223388672
97.88, 125.76886749267578
98.74, 129.19259643554688
96.88, 62.197410583496094
98.1, 98.18692016601562
97.9, 72.0186767578125
98.72, 54.25908279418945
98.48, 102.27117156982422
98.72, 88.58343505859375
97.86, 82.28865051269531
97.84, 80.44242095947266
97.88, 126.1991958618164
98.74, 130.58200073242188
96.88, 64.02860260009766
98.1, 97.4815673828125
97.9, 71.36597442626953
98.72, 54.1071662902832
98.48, 99.16519165039062
98.72, 87.19466400146484
97.86, 82.2754135131836
97.84, 81.190673828125
97.88, 124.84418487548828
98.74, 131.47091674804688
96.88, 66.11939239501953
98.1, 98.91313171386719
97.9, 72.5899658203125
98.72, 55.26986312866211
98.48, 99.29348754882812
98.72, 87.63346099853516
97.86, 82.92311096191406
97.84, 81.84517669677734
97.88, 122.04942321777344
98.74, 130.4955291748047
96.88, 67.88079833984375
98.1, 99.69205474853516
97.9, 73.70177459716797
98.72, 56.54609298706055
98.48, 100.02545928955078
98.72, 88.8396987915039
97.86, 84.39136505126953
97.84, 83.37368774414062
97.88, 120.38414001464844
98.74, 130.14715576171875
96.88, 69.68702697753906
98.1, 99.02415466308594
97.9, 73.4478988647461
98.72, 56.862945556640625
98.48, 98.22835540771484
98.72, 88.80628967285156
97.86, 85.5516586303711
97.84, 85.13814544677734
97.88, 119.91812133789062
98.74, 131.22865295410156
96.88, 71.8465805053711
98.1, 99.0456771850586
97.9, 73.4531021118164
98.72, 57.21305465698242
98.48, 95.87358856201172
98.72, 88.10952758789062
97.86, 85.94647216796875
97.84, 86.13325500488281
97.88, 118.32450103759766
98.74, 131.74497985839844
96.88, 73.97108459472656
98.1, 100.5005111694336
97.9, 74.73148345947266
98.72, 58.4450798034668
98.48, 95.56006622314453
98.72, 88.20127868652344
97.86, 86.21492004394531
97.84, 86.46273040771484
97.88, 114.78703308105469
98.74, 130.51901245117188
96.88, 75.92435455322266
98.1, 102.36788177490234
97.9, 76.6755142211914
98.72, 60.29026412963867
98.48, 97.0709228515625
98.72, 89.70849609375
97.86, 87.42330932617188
97.84, 87.3361587524414
97.88, 111.09783172607422
98.74, 128.7035369873047
96.88, 77.89021301269531
98.1, 103.01692962646484
97.9, 77.73074340820312
98.72, 61.67143630981445
98.48, 97.47310638427734
98.72, 91.23602294921875
97.86, 89.3798828125
97.84, 89.35871887207031
97.88, 109.05357360839844
98.74, 128.345947265625
96.88, 80.16295623779297
98.1, 102.15631866455078
97.9, 77.28519439697266
98.72, 61.96621322631836
98.48, 95.00338745117188
98.72, 91.61100769042969
97.86, 91.31709289550781
97.84, 92.00482940673828
97.88, 109.50062561035156
98.74, 129.60845947265625
96.88, 82.32394409179688
98.1, 101.07838439941406
97.9, 76.40692138671875
98.72, 61.79057693481445
98.48, 90.89768981933594
98.72, 90.566650390625
97.86, 91.97195434570312
97.84, 93.56611633300781
97.88, 110.5873031616211
98.74, 130.9484100341797
96.88, 83.88558197021484
98.1, 102.35587310791016
97.9, 77.41175842285156
98.72, 62.65224838256836
98.48, 89.05403137207031
98.72, 88.47120666503906
97.86, 89.82132720947266
97.84, 91.6304702758789
97.88, 106.41942596435547
98.74, 129.30714416503906
96.88, 85.55279541015625
98.1, 108.73027038574219
97.9, 82.81865692138672
98.72, 66.69217681884766
98.48, 95.00640106201172
98.72, 90.1988525390625
97.86, 88.4939193725586
97.84, 88.5622329711914
97.88, 95.17718505859375
98.74, 121.51505279541016
96.88, 86.86540222167969
98.1, 114.47889709472656
97.9, 89.00131225585938
98.72, 71.86573791503906
98.48, 105.1532211303711
98.72, 96.11957550048828
97.86, 90.40097045898438
97.84, 87.7197265625
97.88, 84.97050476074219
98.74, 113.25486755371094
96.88, 87.76834106445312
98.1, 117.1467514038086
97.9, 93.03333282470703
98.72, 75.62100219726562
98.48, 112.5140609741211
98.72, 100.47443389892578
97.86, 91.62588500976562
97.84, 86.84937286376953
97.88, 78.66658782958984
98.74, 108.47560119628906
96.88, 87.1404800415039
98.1, 118.80341339111328
97.9, 94.78050994873047
98.72, 76.2135009765625
98.48, 116.14612579345703
98.72, 97.32616424560547
97.86, 84.71626281738281
97.84, 84.27433776855469
97.88, 88.51354217529297
98.74, 116.0473861694336
96.88, 84.7614517211914
98.1, 114.3880615234375
97.9, 90.94380187988281
98.72, 74.45516967773438
98.48, 111.10833740234375
98.72, 98.93798828125
97.86, 89.611083984375
97.84, 87.75831604003906
97.88, 94.2804183959961
98.74, 108.97555541992188
96.88, 83.0283203125
98.1, 107.73565673828125
97.9, 88.46265411376953
98.72, 74.79816436767578
98.48, 110.48217010498047
98.72, 102.53886413574219
97.86, 94.73738098144531
97.84, 90.29915618896484
97.88, 91.01994323730469
98.74, 106.38661193847656
96.88, 86.13683319091797
98.1, 108.7486572265625
97.9, 89.7218017578125
98.72, 76.28160095214844
98.48, 108.6279296875
98.72, 103.1453628540039
97.86, 96.59193420410156
97.84, 92.00800323486328
97.88, 85.42716979980469
98.74, 106.29853820800781
96.88, 90.74075317382812
98.1, 114.6689682006836
97.9, 92.7579574584961
98.72, 77.4941635131836
98.48, 104.46308135986328
98.72, 100.20463562011719
97.86, 95.59025573730469
97.84, 92.1282958984375
97.88, 87.47187042236328
98.74, 105.67826843261719
96.88, 91.61058044433594
98.1, 114.29308319091797
97.9, 93.4018783569336
98.72, 78.48265838623047
98.48, 103.77867889404297
98.72, 100.25617980957031
97.86, 96.01145935058594
97.84, 92.6729736328125
97.88, 88.26343536376953
98.74, 103.69432067871094
96.88, 92.17460632324219
98.1, 112.96495056152344
97.9, 94.18663787841797
98.72, 79.86041259765625
98.48, 104.8376235961914
98.72, 101.50597381591797
97.86, 97.0996322631836
97.84, 93.29396057128906
97.88, 87.58100128173828
98.74, 101.31742095947266
96.88, 92.68812561035156
98.1, 112.66656494140625
97.9, 95.19629669189453
98.72, 81.2147216796875
98.48, 105.25337219238281
98.72, 102.07717895507812
97.86, 97.34280395507812
97.84, 93.28077697753906
97.88, 87.26063537597656
98.74, 99.35261535644531
96.88, 92.4864730834961
98.1, 111.07716369628906
97.9, 95.86495971679688
98.72, 82.55921173095703
98.48, 107.43260955810547
98.72, 103.23750305175781
97.86, 97.6491470336914
97.84, 93.0453872680664
97.88, 87.98101043701172
98.74, 97.56602478027344
96.88, 91.35065460205078
98.1, 106.8022232055664
97.9, 95.70177459716797
98.72, 84.44926452636719
98.48, 111.26172637939453
98.72, 106.7295913696289
97.86, 98.58230590820312
97.84, 91.96419525146484
97.88, 86.16213989257812
98.74, 94.40072631835938
96.88, 89.53678894042969
98.1, 105.14936828613281
97.9, 94.12637329101562
98.72, 84.22361755371094
98.48, 115.8404769897461
98.72, 107.50312805175781
97.86, 99.41642761230469
97.84, 93.09430694580078
97.88, 88.05017852783203
98.74, 92.2490234375
96.88, 89.35334014892578
98.1, 101.2723388671875
97.9, 93.91722106933594
98.72, 84.78067016601562
98.48, 113.43209075927734
98.72, 108.97730255126953
97.86, 101.15019226074219
97.84, 94.19353485107422
97.88, 89.77196502685547
98.74, 93.86690521240234
96.88, 87.85662841796875
98.1, 98.54689025878906
97.9, 90.32279968261719
98.72, 83.1055679321289
98.48, 111.3091049194336
98.72, 109.61161804199219
97.86, 104.36384582519531
97.84, 98.14495849609375
97.88, 100.42517852783203
98.74, 96.67432403564453
96.88, 87.11517333984375
98.1, 90.9057388305664
97.9, 84.73280334472656
98.72, 79.35171508789062
98.48, 101.22168731689453
98.72, 106.46260833740234
97.86, 108.21321868896484
97.84, 104.48145294189453
97.88, 103.73987579345703
98.74, 100.62339782714844
96.88, 90.3173599243164
98.1, 91.2467269897461
97.9, 83.97401428222656
98.72, 78.52661895751953
98.48, 93.92071533203125
98.72, 102.66120147705078
97.86, 106.47100067138672
97.84, 105.47721099853516
97.88, 109.27486419677734
98.74, 105.92668151855469
96.88, 91.16947937011719
98.1, 91.19673156738281
97.9, 82.8201904296875
98.72, 77.17487335205078
98.48, 87.32316589355469
98.72, 97.39676666259766
97.86, 103.5652084350586
97.84, 104.85706329345703
97.88, 112.55110168457031
98.74, 111.64351654052734
96.88, 92.30913543701172
98.1, 93.37834930419922
97.9, 82.8926010131836
98.72, 76.31415557861328
98.48, 85.27377319335938
98.72, 90.56896209716797
97.86, 97.03687286376953
97.84, 99.78485870361328
97.88, 112.59044647216797
98.74, 115.73165130615234
96.88, 95.48627471923828
98.1, 103.26787567138672
97.9, 90.43147277832031
98.72, 80.6513900756836
98.48, 86.18672943115234
98.72, 94.29755401611328
97.86, 100.13442993164062
97.84, 101.88745880126953
97.88, 100.90367126464844
98.74, 110.11637878417969
96.88, 96.7174072265625
98.1, 102.64307403564453
97.9, 89.04373931884766
98.72, 81.71739196777344
98.48, 87.71328735351562
98.72, 96.07803344726562
97.86, 100.9141845703125
97.84, 101.70333099365234
97.88, 99.33641815185547
98.74, 108.64922332763672
96.88, 97.8067855834961
98.1, 105.81140899658203
97.9, 93.41649627685547
98.72, 83.70111846923828
98.48, 89.84331512451172
98.72, 94.6513900756836
97.86, 97.54971313476562
97.84, 98.1797866821289
97.88, 95.25300598144531
98.74, 106.71743774414062
96.88, 98.52552795410156
98.1, 110.86534118652344
97.9, 97.681396484375
98.72, 86.49073791503906
98.48, 94.37678527832031
98.72, 94.84027099609375
97.86, 94.86482238769531
97.84, 94.04789733886719
97.88, 90.06427764892578
98.74, 102.5295181274414
96.88, 97.096923828125
98.1, 113.06544494628906
97.9, 101.29766845703125
98.72, 89.58610534667969
98.48, 103.34920501708984
98.72, 99.09998321533203
97.86, 94.83228302001953
97.84, 91.6383285522461
97.88, 86.49150848388672
98.74, 95.17819213867188
96.88, 92.98880004882812
98.1, 106.62061309814453
97.9, 99.83007049560547
98.72, 91.2116928100586
98.48, 111.59848022460938
98.72, 105.63194274902344
97.86, 98.56986236572266
97.84, 93.46939849853516
97.88, 91.02864837646484
98.74, 93.57674407958984
96.88, 89.85137939453125
98.1, 97.10504913330078
97.9, 92.38108825683594
98.72, 88.13910675048828
98.48, 107.32949829101562
98.72, 106.4112319946289
97.86, 102.8199462890625
97.84, 98.71684265136719
97.88, 98.60790252685547
98.74, 98.37848663330078
96.88, 91.90704345703125
98.1, 95.16353607177734
97.9, 89.94146728515625
98.72, 86.72388458251953
98.48, 99.35423278808594
98.72, 101.91170501708984
97.86, 103.15956115722656
97.84, 101.2536849975586
97.88, 99.07440185546875
98.74, 99.85572814941406
96.88, 96.53417205810547
98.1, 98.47344970703125
97.9, 94.2782211303711
98.72, 89.35733795166016
98.48, 97.47176361083984
98.72, 100.52689361572266
97.86, 102.12353515625
97.84, 99.99834442138672
97.88, 94.74606323242188
98.74, 97.53839874267578
96.88, 98.0860366821289
98.1, 100.42594146728516
97.9, 96.97244262695312
98.72, 91.29391479492188
98.48, 100.20548248291016
98.72, 100.2228012084961
97.86, 100.89534759521484
97.84, 98.40113067626953
97.88, 96.1490249633789
98.74, 98.24138641357422
96.88, 96.7207260131836
98.1, 98.6733627319336
97.9, 94.6237564086914
98.72, 90.91800689697266
98.48, 101.18755340576172
98.72, 100.55528259277344
97.86, 101.96996307373047
97.84, 99.59335327148438
97.88, 97.27909851074219
98.74, 98.4713134765625
96.88, 97.15299224853516
98.1, 97.59424591064453
97.9, 93.8771743774414
98.72, 90.92949676513672
98.48, 99.26026916503906
98.72, 99.71281433105469
97.86, 102.37114715576172
97.84, 100.53935241699219
97.88, 97.54109191894531
98.74, 98.8555679321289
96.88, 98.0887680053711
98.1, 97.90934753417969
97.9, 94.83670806884766
98.72, 91.49077606201172
98.48, 98.45619201660156
98.72, 98.49545288085938
97.86, 101.58253479003906
97.84, 100.32972717285156
97.88, 97.98136901855469
98.74, 99.48107147216797
96.88, 98.51251220703125
98.1, 98.41802215576172
97.9, 96.08978271484375
98.72, 92.13648223876953
98.48, 97.68707275390625
98.72, 97.8589096069336
97.86, 100.78285217285156
97.84, 99.86701202392578
97.88, 97.54158020019531
98.74, 99.47721862792969
96.88, 98.85777282714844
98.1, 99.04198455810547
97.9, 97.93999481201172
98.72, 93.08738708496094
98.48, 97.53282165527344
98.72, 97.66429138183594
97.86, 99.73570251464844
97.84, 98.8719482421875
97.88, 97.03093719482422
98.74, 99.30760192871094
96.88, 98.69446563720703
98.1, 99.61029052734375
97.9, 99.20999145507812
98.72, 93.84403991699219
98.48, 97.95455932617188
98.72, 97.75712585449219
97.86, 98.88777160644531
97.84, 97.96861267089844
97.88, 96.86589813232422
98.74, 99.1330337524414
96.88, 98.30204772949219
98.1, 99.65884399414062
97.9, 99.78023529052734
98.72, 94.44082641601562
98.48, 98.39825439453125
98.72, 98.20867919921875
97.86, 98.54002380371094
97.84, 97.4371109008789
97.88, 96.63890075683594
98.74, 98.75672149658203
96.88, 97.93429565429688
98.1, 99.41767883300781
97.9, 99.8919677734375
98.72, 94.96985626220703
98.48, 98.9179916381836
98.72, 98.78900909423828
97.86, 98.50153350830078
97.84, 97.1650161743164
97.88, 96.56744384765625
98.74, 98.40800476074219
96.88, 97.55284118652344
98.1, 99.07071685791016
97.9, 99.36510467529297
98.72, 95.25102233886719
98.48, 99.35584259033203
98.72, 99.15465545654297
97.86, 98.69224548339844
97.84, 97.27851867675781
97.88, 96.87774658203125
98.74, 98.30223083496094
96.88, 97.38217163085938
98.1, 98.63258361816406
97.9, 98.50106048583984
98.72, 95.38188171386719
98.48, 99.37257385253906
98.72, 99.12230682373047
97.86, 99.04075622558594
97.84, 97.76895141601562
97.88, 97.3177490234375
98.74, 98.37733459472656
96.88, 97.54117584228516
98.1, 98.26152038574219
97.9, 97.76634216308594
98.72, 95.51524353027344
98.48, 99.04072570800781
98.72, 98.707763671875
97.86, 99.31028747558594
97.84, 98.3796157836914
97.88, 97.82970428466797
98.74, 98.63378143310547
96.88, 97.83728790283203
98.1, 98.02046203613281
97.9, 97.35912322998047
98.72, 95.6626968383789
98.48, 98.47014617919922
98.72, 98.14644622802734
97.86, 99.38041687011719
97.84, 98.89335632324219
97.88, 98.25631713867188
98.74, 98.95854187011719
96.88, 98.1181411743164
98.1, 97.9480209350586
97.9, 97.51062774658203
98.72, 95.87187194824219
98.48, 97.799560546875
98.72, 97.57687377929688
97.86, 99.09483337402344
97.84, 99.08114624023438
97.88, 98.54243469238281
98.74, 99.33124542236328
96.88, 98.34990692138672
98.1, 98.1065902709961
97.9, 98.35677337646484
98.72, 96.19792938232422
98.48, 97.09233856201172
98.72, 97.04312896728516
97.86, 98.37957000732422
97.84, 98.80506896972656
97.88, 98.56956481933594
98.74, 99.67937469482422
96.88, 98.59931945800781
98.1, 98.63065338134766
97.9, 99.93568420410156
98.72, 96.67892456054688
98.48, 96.46243286132812
98.72, 96.56178283691406
97.86, 97.21509552001953
97.84, 97.93547821044922
97.88, 98.2705307006836
98.74, 99.90624237060547
96.88, 98.79255676269531
98.1, 100.83065032958984
97.9, 100.68082427978516
98.72, 96.1777572631836
98.48, 95.52676391601562
98.72, 94.47818756103516
97.86, 94.20695495605469
97.84, 95.8795394897461
97.88, 100.21036529541016
98.74, 102.35858154296875
96.88, 98.98562622070312
98.1, 102.33447265625
97.9, 100.44355010986328
98.72, 95.77256774902344
98.48, 94.40740966796875
98.72, 93.90174102783203
97.86, 92.87556457519531
97.84, 94.79325103759766
97.88, 98.84211730957031
98.74, 102.27498626708984
96.88, 100.01643371582031
98.1, 105.15135955810547
97.9, 101.3879165649414
98.72, 95.98351287841797
98.48, 94.88186645507812
98.72, 93.77618408203125
97.86, 92.15169525146484
97.84, 92.01429748535156
97.88, 97.20285034179688
98.74, 101.58670043945312
96.88, 96.21504974365234
98.1, 105.00110626220703
97.9, 99.45433807373047
98.72, 96.87468719482422
98.48, 102.74691009521484
98.72, 100.3488998413086
97.86, 95.68441009521484
97.84, 92.96732330322266
97.88, 91.92252349853516
98.74, 94.67255401611328
96.88, 95.46212005615234
98.1, 101.75101470947266
97.9, 99.40840911865234
98.72, 98.54293823242188
98.48, 106.1957778930664
98.72, 103.58695983886719
97.86, 97.67259979248047
97.84, 93.88829803466797
97.88, 95.0481948852539
98.74, 94.8143310546875
96.88, 92.90748596191406
98.1, 95.56362915039062
97.9, 93.32097625732422
98.72, 95.7275619506836
98.48, 105.1878433227539
98.72, 103.75684356689453
97.86, 100.87793731689453
97.84, 98.24160766601562
97.88, 100.42554473876953
98.74, 97.60406494140625
96.88, 96.34968566894531
98.1, 92.80537414550781
97.9, 90.36239624023438
98.72, 95.36093139648438
98.48, 97.40182495117188
98.72, 100.1462631225586
97.86, 102.68101501464844
97.84, 101.746337890625
97.88, 100.88265228271484
98.74, 99.36714935302734
96.88, 97.05174255371094
98.1, 94.84954071044922
97.9, 90.14298248291016
98.72, 92.79064178466797
98.48, 98.7895278930664
98.72, 97.69413757324219
97.86, 98.8066177368164
97.84, 99.52360534667969
97.88, 104.60032653808594
98.74, 102.87939453125
96.88, 100.8320541381836
98.1, 96.3035888671875
97.9, 95.33029174804688
98.72, 97.80519104003906
98.48, 92.43795776367188
98.72, 98.59149169921875
97.86, 101.03387451171875
97.84, 101.09161376953125
97.88, 91.65357208251953
98.74, 97.1023178100586
96.88, 100.3082504272461
98.1, 103.30570983886719
97.9, 101.19530487060547
98.72, 97.55538177490234
98.48, 98.08301544189453
98.72, 97.87953186035156
97.86, 94.5123291015625
97.84, 93.40436553955078
97.88, 95.73462677001953
98.74, 99.32445526123047
96.88, 92.12240600585938
98.1, 102.34186553955078
97.9, 99.54842376708984
98.72, 95.14192199707031
98.48, 104.97586822509766
98.72, 102.3922348022461
97.86, 96.59908294677734
97.84, 93.75682067871094
97.88, 94.11203002929688
98.74, 96.033203125
96.88, 91.59346008300781
98.1, 98.42632293701172
97.9, 97.65801239013672
98.72, 96.30712890625
98.48, 104.58087921142578
98.72, 104.219970703125
97.86, 99.32640838623047
97.84, 96.3608627319336
97.88, 95.24855041503906
98.74, 96.0550537109375
96.88, 94.56754302978516
98.1, 96.69674682617188
97.9, 96.58695983886719
98.72, 97.76042938232422
98.48, 100.95158386230469
98.72, 102.05119323730469
97.86, 99.89718627929688
97.84, 97.54911804199219
97.88, 96.21935272216797
98.74, 96.94660949707031
96.88, 96.49169158935547
98.1, 97.07799530029297
97.9, 95.44348907470703
98.72, 97.1388931274414
98.48, 100.64047241210938
98.72, 99.74510955810547
97.86, 98.7363510131836
97.84, 97.93695831298828
97.88, 100.05736541748047
98.74, 99.76512908935547
96.88, 97.81078338623047
98.1, 96.74911499023438
97.9, 94.52157592773438
98.72, 96.85334777832031
98.48, 97.17886352539062
98.72, 97.69196319580078
97.86, 98.81843566894531
97.84, 99.259765625
97.88, 99.03004455566406
98.74, 100.25570678710938
96.88, 100.40935516357422
98.1, 97.97928619384766
97.9, 97.11952209472656
98.72, 98.16986083984375
98.48, 96.26616668701172
98.72, 96.57542419433594
97.86, 97.09398651123047
97.84, 97.37681579589844
97.88, 98.01847076416016
98.74, 100.47534942626953
96.88, 99.32648468017578
98.1, 100.13519287109375
97.9, 99.23062896728516
98.72, 98.31189727783203
98.48, 97.34928131103516
98.72, 96.89009857177734
97.86, 96.08626556396484
97.84, 95.98766326904297
97.88, 96.92633056640625
98.74, 99.59849548339844
96.88, 97.1683120727539
98.1, 100.61799621582031
97.9, 100.12702941894531
98.72, 98.53868865966797
98.48, 99.22813415527344
98.72, 98.39859008789062
97.86, 96.47746276855469
97.84, 95.6562271118164
97.88, 96.05596923828125
98.74, 98.23200988769531
96.88, 95.73764038085938
98.1, 99.50917053222656
97.9, 99.90618896484375
98.72, 99.0072021484375
98.48, 100.74596405029297
98.72, 100.18580627441406
97.86, 97.53160858154297
97.84, 95.98677825927734
97.88, 95.698974609375
98.74, 97.01961517333984
96.88, 95.16703796386719
98.1, 98.17542266845703
97.9, 98.51873779296875
98.72, 98.76115417480469
98.48, 101.34215545654297
98.72, 100.87033081054688
97.86, 98.4060287475586
97.84, 96.7630844116211
97.88, 97.1744155883789
98.74, 97.45333099365234
96.88, 95.31025695800781
98.1, 96.96908569335938
97.9, 96.2684555053711
98.72, 97.83301544189453
98.48, 100.18687438964844
98.72, 100.09467315673828
97.86, 99.0906753540039
97.84, 98.177978515625
97.88, 99.11083221435547
98.74, 98.77224731445312
96.88, 97.30702209472656
98.1, 96.41336059570312
97.9, 95.50273132324219
98.72, 97.88276672363281
98.48, 97.66015625
98.72, 98.23989868164062
97.86, 98.77957153320312
97.84, 98.86013793945312
97.88, 99.46048736572266
98.74, 99.69402313232422
96.88, 99.09367370605469
98.1, 97.29977416992188
97.9, 96.76692199707031
98.72, 98.450439453125
98.48, 96.71614837646484
98.72, 97.15580749511719
97.86, 97.69892883300781
97.84, 98.06668090820312
97.88, 98.83720397949219
98.74, 99.91252136230469
96.88, 98.78215026855469
98.1, 98.7109603881836
97.9, 98.47784423828125
98.72, 98.78826141357422
98.48, 97.24978637695312
98.72, 97.42572021484375
97.86, 96.97611236572266
97.84, 97.0467529296875
97.88, 97.54346466064453
98.74, 99.17608642578125
96.88, 97.38859558105469
98.1, 99.48059844970703
97.9, 99.54258728027344
98.72, 98.90463256835938
98.48, 98.59727478027344
98.72, 98.51107788085938
97.86, 96.93189239501953
