17.8, -0.13546688854694366
38.4, 49.48245620727539
63.0, -69.41388702392578
81.0, 52.522178649902344
77.4, 239.38002014160156
17.8, 6.782835960388184
38.4, -1.3862853050231934
63.0, 29.239328384399414
81.0, 98.80390167236328
77.4, 70.60628509521484
17.8, 13.6492919921875
38.4, 60.85968780517578
63.0, 19.592981338500977
81.0, 53.98835372924805
77.4, 126.14533996582031
17.8, 12.627594947814941
38.4, 33.75053024291992
63.0, 28.97587776184082
81.0, 49.5006217956543
77.4, 96.31846618652344
17.8, 16.783132553100586
38.4, 83.33811950683594
63.0, 67.1588363647461
81.0, 44.3386116027832
77.4, 50.434810638427734
17.8, 12.168508529663086
38.4, 67.99998474121094
63.0, 75.28565979003906
81.0, 65.2405014038086
77.4, 67.8274917602539
17.8, 12.869614601135254
38.4, 61.52952194213867
63.0, 65.38695526123047
81.0, 60.83213424682617
77.4, 69.56069946289062
17.8, 13.477540969848633
38.4, 68.32438659667969
63.0, 72.20796203613281
81.0, 61.78330612182617
77.4, 63.9876594543457
17.8, 12.403303146362305
38.4, 59.50215148925781
63.0, 67.88533020019531
81.0, 66.01886749267578
77.4, 72.70561218261719
17.8, 13.171804428100586
38.4, 62.71738815307617
63.0, 68.13297271728516
81.0, 63.22563552856445
77.4, 67.94542694091797
17.8, 12.666656494140625
38.4, 60.470054626464844
63.0, 68.88351440429688
81.0, 66.53076934814453
77.4, 71.67388916015625
17.8, 12.79208755493164
38.4, 59.9677848815918
63.0, 66.94737243652344
81.0, 64.22284698486328
77.4, 70.19644165039062
17.8, 12.936808586120605
38.4, 62.214378356933594
63.0, 69.35643005371094
81.0, 64.9173355102539
77.4, 68.9330062866211
17.8, 12.487272262573242
38.4, 58.08131408691406
63.0, 67.27027130126953
81.0, 66.78917694091797
77.4, 72.86893463134766
17.8, 12.865065574645996
38.4, 59.57984924316406
63.0, 68.00375366210938
81.0, 66.04617309570312
77.4, 70.76559448242188
17.8, 12.581774711608887
38.4, 57.63316345214844
63.0, 67.26238250732422
81.0, 66.98176574707031
77.4, 72.7858657836914
17.8, 12.767792701721191
38.4, 58.349761962890625
63.0, 67.64312744140625
81.0, 66.62828826904297
77.4, 71.81444549560547
17.8, 12.605003356933594
38.4, 57.413394927978516
63.0, 67.30705261230469
81.0, 67.08841705322266
77.4, 72.83131408691406
17.8, 12.67599105834961
38.4, 57.63053894042969
63.0, 67.45796203613281
81.0, 66.94558715820312
77.4, 72.41799926757812
17.8, 12.556180000305176
38.4, 57.00569152832031
63.0, 67.31199645996094
81.0, 67.3484878540039
77.4, 73.09123229980469
17.8, 12.551898956298828
38.4, 56.849491119384766
63.0, 67.2420425415039
81.0, 67.29434967041016
77.4, 73.06841278076172
17.8, 12.51309585571289
38.4, 56.53681945800781
63.0, 67.2773666381836
81.0, 67.56766510009766
77.4, 73.41323852539062
17.8, 12.487775802612305
38.4, 56.143341064453125
63.0, 67.09933471679688
81.0, 67.6338119506836
77.4, 73.66372680664062
17.8, 12.474089622497559
38.4, 55.905189514160156
63.0, 67.15804290771484
81.0, 67.83507537841797
77.4, 73.9670639038086
17.8, 12.462124824523926
38.4, 55.69948959350586
63.0, 66.88572692871094
81.0, 67.62406921386719
77.4, 73.93364715576172
17.8, 12.328439712524414
38.4, 55.42985153198242
63.0, 67.29605102539062
81.0, 68.34068298339844
77.4, 74.40562438964844
17.8, 12.132121086120605
38.4, 54.25056457519531
63.0, 66.49332427978516
81.0, 68.30998229980469
77.4, 75.18772888183594
17.8, 12.141762733459473
38.4, 54.38860321044922
63.0, 66.93458557128906
81.0, 68.50238800048828
77.4, 75.00786590576172
17.8, 12.032176971435547
38.4, 53.455501556396484
63.0, 66.46516418457031
81.0, 68.85694885253906
77.4, 76.00711059570312
17.8, 11.977036476135254
38.4, 52.949100494384766
63.0, 66.36290740966797
81.0, 68.94457244873047
77.4, 76.23115539550781
17.8, 11.85695743560791
38.4, 52.29108810424805
63.0, 66.32666015625
81.0, 69.4617919921875
77.4, 76.86901092529297
17.8, 11.70754623413086
38.4, 51.16411209106445
63.0, 65.68354034423828
81.0, 69.72466278076172
77.4, 77.8154296875
17.8, 11.635345458984375
38.4, 50.29835510253906
63.0, 65.38439178466797
81.0, 70.10856628417969
77.4, 78.8084487915039
17.8, 11.485689163208008
38.4, 48.757389068603516
63.0, 64.52398681640625
81.0, 70.75659942626953
77.4, 80.16062927246094
17.8, 11.390706062316895
38.4, 47.38915252685547
63.0, 63.724849700927734
81.0, 71.3126220703125
77.4, 81.588623046875
17.8, 11.232664108276367
38.4, 45.055885314941406
63.0, 62.15193557739258
81.0, 72.4858169555664
77.4, 83.7367172241211
17.8, 11.119393348693848
38.4, 42.802268981933594
63.0, 60.15446090698242
81.0, 73.36285400390625
77.4, 85.88922882080078
17.8, 11.108476638793945
38.4, 40.83023452758789
63.0, 58.00516891479492
81.0, 73.49011993408203
77.4, 87.5316162109375
17.8, 11.467037200927734
38.4, 41.42485809326172
63.0, 57.73485565185547
81.0, 71.9848861694336
77.4, 85.70008087158203
17.8, 12.061139106750488
38.4, 45.93302536010742
63.0, 62.25950241088867
81.0, 71.18672180175781
77.4, 79.08528137207031
17.8, 12.277454376220703
38.4, 48.74405288696289
63.0, 67.38089752197266
81.0, 72.78195190429688
77.4, 74.52275085449219
17.8, 12.0390043258667
38.4, 46.44532775878906
63.0, 67.66776275634766
81.0, 75.89702606201172
77.4, 75.84941101074219
17.8, 11.57625961303711
38.4, 42.241241455078125
63.0, 64.56707763671875
81.0, 78.08332824707031
77.4, 79.57014465332031
17.8, 11.365769386291504
38.4, 38.19269561767578
63.0, 60.42143249511719
81.0, 80.46330261230469
77.4, 83.73909759521484
17.8, 11.384366989135742
38.4, 33.97648239135742
63.0, 53.71489715576172
81.0, 79.61085510253906
77.4, 91.32587432861328
17.8, 12.430399894714355
38.4, 35.49220275878906
63.0, 49.12798309326172
81.0, 68.28645324707031
77.4, 89.67935943603516
17.8, 15.077025413513184
38.4, 55.65147018432617
63.0, 66.61990356445312
81.0, 65.71356201171875
77.4, 66.55133056640625
17.8, 13.91228199005127
38.4, 54.00050735473633
63.0, 74.52558135986328
81.0, 75.4500961303711
77.4, 69.08662414550781
17.8, 13.237728118896484
38.4, 43.570369720458984
63.0, 62.13938522338867
81.0, 75.0908432006836
77.4, 80.70940399169922
17.8, 14.343064308166504
38.4, 49.226287841796875
63.0, 65.85971069335938
81.0, 72.027587890625
77.4, 72.82084655761719
17.8, 13.944402694702148
38.4, 49.02165222167969
63.0, 70.01152038574219
81.0, 76.12838745117188
77.4, 71.4891586303711
17.8, 13.237618446350098
38.4, 43.05841064453125
63.0, 66.33219146728516
81.0, 79.65856170654297
77.4, 76.4760513305664
17.8, 13.026684761047363
38.4, 39.18150329589844
63.0, 62.24653244018555
81.0, 80.54840087890625
77.4, 79.94698333740234
17.8, 13.085444450378418
38.4, 37.1452751159668
63.0, 59.970829010009766
81.0, 81.01209259033203
77.4, 81.92675018310547
17.8, 13.479957580566406
38.4, 36.93848419189453
63.0, 58.0762825012207
81.0, 79.31745147705078
77.4, 83.86427307128906
17.8, 14.313873291015625
38.4, 39.64542770385742
63.0, 58.535221099853516
81.0, 75.9518051147461
77.4, 82.04105377197266
17.8, 15.135944366455078
38.4, 44.908424377441406
63.0, 64.26384735107422
81.0, 75.19440460205078
77.4, 75.15119171142578
17.8, 15.07568359375
38.4, 45.8293342590332
63.0, 68.79838562011719
81.0, 77.52627563476562
77.4, 71.16107177734375
17.8, 14.484475135803223
38.4, 42.25517272949219
63.0, 68.51168823242188
81.0, 81.27700805664062
77.4, 71.80044555664062
17.8, 14.160164833068848
38.4, 38.18122863769531
63.0, 65.54361724853516
81.0, 84.38919830322266
77.4, 74.53668212890625
17.8, 14.171649932861328
38.4, 34.98748016357422
63.0, 60.11410903930664
81.0, 85.17626190185547
77.4, 80.6766128540039
17.8, 14.831430435180664
38.4, 34.34380340576172
63.0, 52.99310302734375
81.0, 78.18775177001953
77.4, 89.56719207763672
17.8, 16.49166488647461
38.4, 41.048606872558594
63.0, 54.281944274902344
81.0, 69.2629623413086
77.4, 82.10526275634766
17.8, 17.70598793029785
38.4, 55.5023193359375
63.0, 71.40077209472656
81.0, 70.64649200439453
77.4, 65.41365051269531
17.8, 15.926617622375488
38.4, 41.29957580566406
63.0, 62.396324157714844
81.0, 78.02404022216797
77.4, 77.0904312133789
