90.82, 0.5877113342285156
91.5, 6.6579155921936035
93.04, 14.413122177124023
90.74, 9.264946937561035
91.22, 15.346875190734863
90.82, 193.2389678955078
91.5, 136.2971649169922
93.04, 59.180084228515625
90.74, 12.26569652557373
91.22, 9.354941368103027
90.82, 41.43586730957031
91.5, 39.60591125488281
93.04, 30.22030258178711
90.74, 11.002025604248047
91.22, 11.593201637268066
90.82, 77.71529388427734
91.5, 95.93755340576172
93.04, 76.4690933227539
90.74, 25.04763412475586
91.22, 27.839309692382812
90.82, 241.05470275878906
91.5, 180.41070556640625
93.04, 81.6123275756836
90.74, 16.845592498779297
91.22, 12.160152435302734
90.82, 45.52681350708008
91.5, 36.36783981323242
93.04, 23.86988067626953
90.74, 9.210370063781738
91.22, 8.84912395477295
90.82, 35.33176040649414
91.5, 38.13311767578125
93.04, 30.354713439941406
90.74, 12.359113693237305
91.22, 13.429948806762695
90.82, 71.89627075195312
91.5, 87.59956359863281
93.04, 70.59268951416016
90.74, 24.283403396606445
91.22, 27.83063316345215
90.82, 198.86538696289062
91.5, 169.95375061035156
93.04, 85.41919708251953
90.74, 20.344337463378906
91.22, 17.167200088500977
90.82, 64.17426300048828
91.5, 55.88909912109375
93.04, 36.087303161621094
90.74, 13.63814926147461
91.22, 13.4100923538208
90.82, 48.64939498901367
91.5, 50.37636947631836
93.04, 37.935394287109375
90.74, 15.464071273803711
91.22, 15.986129760742188
90.82, 69.72616577148438
91.5, 77.00806427001953
93.04, 59.06175231933594
90.74, 21.750036239624023
91.22, 22.811172485351562
90.82, 124.2131118774414
91.5, 129.45030212402344
93.04, 85.853271484375
90.74, 26.49220085144043
91.22, 25.5599308013916
90.82, 126.730712890625
91.5, 120.05577087402344
93.04, 75.45503997802734
90.74, 23.939966201782227
91.22, 22.693973541259766
90.82, 96.14411926269531
91.5, 92.81563568115234
93.04, 63.03364181518555
90.74, 22.65281105041504
91.22, 22.396413803100586
90.82, 94.55438232421875
91.5, 95.95428466796875
93.04, 67.90975189208984
90.74, 24.785160064697266
91.22, 24.89096450805664
90.82, 111.32662963867188
91.5, 112.50971984863281
93.04, 77.08441162109375
90.74, 26.92658042907715
91.22, 26.54218292236328
90.82, 115.87737274169922
91.5, 113.4868392944336
93.04, 75.8797607421875
90.74, 26.784709930419922
91.22, 26.131498336791992
90.82, 105.71354675292969
91.5, 103.4012680053711
93.04, 70.84685516357422
90.74, 26.415733337402344
91.22, 26.09607696533203
90.82, 102.64128112792969
91.5, 102.16316986083984
93.04, 71.5513916015625
90.74, 27.316516876220703
91.22, 27.24660873413086
90.82, 107.78113555908203
91.5, 107.54906463623047
93.04, 74.90679168701172
90.74, 28.466064453125
91.22, 28.31431770324707
90.82, 110.0448226928711
91.5, 108.64872741699219
93.04, 75.15205383300781
90.74, 28.88237953186035
91.22, 28.670658111572266
90.82, 106.92002868652344
91.5, 105.34442901611328
93.04, 73.6011962890625
90.74, 29.115903854370117
91.22, 29.05052375793457
90.82, 105.2406997680664
91.5, 104.29910278320312
93.04, 73.78238677978516
90.74, 29.80191421508789
91.22, 29.899179458618164
90.82, 106.87164306640625
91.5, 106.05694580078125
93.04, 75.20235443115234
90.74, 30.646556854248047
91.22, 30.77718162536621
90.82, 107.79795837402344
91.5, 106.5105972290039
93.04, 75.56963348388672
90.74, 31.225412368774414
91.22, 31.373823165893555
90.82, 106.43013763427734
91.5, 105.01625061035156
93.04, 75.14131927490234
90.74, 31.744070053100586
91.22, 32.011837005615234
90.82, 105.75167846679688
91.5, 104.56835174560547
93.04, 75.49920654296875
90.74, 32.47771453857422
91.22, 32.867244720458984
90.82, 106.386962890625
91.5, 105.18281555175781
93.04, 76.3118896484375
90.74, 33.27493667602539
91.22, 33.736324310302734
90.82, 106.55410766601562
91.5, 105.10372161865234
93.04, 76.6348876953125
90.74, 33.965824127197266
91.22, 34.508792877197266
90.82, 105.7832260131836
91.5, 104.29947662353516
93.04, 76.74197387695312
90.74, 34.68173599243164
91.22, 35.36785888671875
90.82, 105.65469360351562
91.5, 104.1806411743164
93.04, 77.27400207519531
90.74, 35.49947738647461
91.22, 36.31377029418945
90.82, 105.66571807861328
91.5, 104.0663070678711
93.04, 77.77672576904297
90.74, 36.32520294189453
91.22, 37.270355224609375
90.82, 105.32047271728516
91.5, 103.60453033447266
93.04, 78.15584564208984
90.74, 37.16556930541992
91.22, 38.27353286743164
90.82, 104.96764373779297
91.5, 103.22816467285156
93.04, 78.69529724121094
90.74, 38.08518600463867
91.22, 39.3848876953125
90.82, 104.9633560180664
91.5, 103.02434539794922
93.04, 79.32579040527344
90.74, 39.02715301513672
91.22, 40.52382278442383
90.82, 104.40071105957031
91.5, 102.28887939453125
93.04, 79.80059814453125
90.74, 40.013694763183594
91.22, 41.77781677246094
90.82, 104.1771011352539
91.5, 101.95639038085938
93.04, 80.58282470703125
90.74, 41.08952331542969
91.22, 43.12989044189453
90.82, 103.70332336425781
91.5, 101.27667999267578
93.04, 81.33463287353516
90.74, 42.22930145263672
91.22, 44.60498809814453
90.82, 103.27798461914062
91.5, 100.67887115478516
93.04, 82.35736846923828
90.74, 43.48896789550781
91.22, 46.25270080566406
90.82, 102.85711669921875
91.5, 99.1747055053711
93.04, 82.87371063232422
90.74, 44.72150802612305
91.22, 48.10826110839844
90.82, 101.8620376586914
91.5, 98.25896453857422
93.04, 84.67681121826172
90.74, 46.38804626464844
91.22, 50.44816970825195
90.82, 102.79957580566406
91.5, 97.72837829589844
93.04, 85.91688537597656
90.74, 47.896881103515625
91.22, 52.65668487548828
90.82, 99.37598419189453
91.5, 94.27763366699219
93.04, 88.82646942138672
90.74, 50.45482635498047
91.22, 56.583152770996094
90.82, 107.65550994873047
91.5, 93.51776123046875
93.04, 87.16356658935547
90.74, 50.80730056762695
91.22, 57.96958923339844
90.82, 88.72931671142578
91.5, 96.14315032958984
93.04, 105.00171661376953
90.74, 56.81124496459961
91.22, 63.580238342285156
90.82, 99.63751983642578
91.5, 85.38436889648438
93.04, 98.41616821289062
90.74, 58.12729263305664
91.22, 66.79757690429688
90.82, 95.9225845336914
91.5, 90.9495620727539
93.04, 105.14575958251953
90.74, 60.33964538574219
91.22, 69.69322204589844
90.82, 80.01284790039062
91.5, 90.33637237548828
93.04, 116.48139953613281
90.74, 64.9100570678711
91.22, 74.65863800048828
90.82, 89.97351837158203
91.5, 83.82626342773438
93.04, 94.36599731445312
90.74, 66.7634048461914
91.22, 81.42071533203125
90.82, 131.21632385253906
91.5, 90.84675598144531
93.04, 70.59711456298828
90.74, 56.64793014526367
91.22, 70.58650207519531
90.82, 57.809932708740234
91.5, 80.81007385253906
93.04, 124.76338195800781
90.74, 73.19544982910156
91.22, 79.53960418701172
90.82, 104.99162292480469
91.5, 68.4566879272461
93.04, 81.3179931640625
90.74, 67.6715316772461
91.22, 81.68746185302734
90.82, 150.75918579101562
91.5, 103.50686645507812
93.04, 63.9501953125
90.74, 46.73057174682617
91.22, 49.483009338378906
90.82, 56.80239486694336
91.5, 80.9232177734375
93.04, 78.88502502441406
90.74, 52.98849868774414
91.22, 57.83522415161133
90.82, 154.62271118164062
91.5, 131.65203857421875
93.04, 81.66542053222656
90.74, 52.23261642456055
91.22, 57.93775939941406
90.82, 67.38103485107422
91.5, 79.17704772949219
93.04, 111.88602447509766
90.74, 65.80835723876953
91.22, 68.76471710205078
90.82, 144.90647888183594
91.5, 73.2981185913086
93.04, 53.956729888916016
90.74, 48.46474838256836
91.22, 51.01708221435547
90.82, 66.34644317626953
91.5, 77.24593353271484
93.04, 81.52693176269531
90.74, 59.56699752807617
91.22, 64.13835144042969
90.82, 154.48951721191406
91.5, 129.2296142578125
93.04, 84.35552978515625
90.74, 55.517704010009766
91.22, 54.046749114990234
90.82, 62.96903991699219
91.5, 60.877532958984375
93.04, 62.684288024902344
90.74, 53.64060592651367
91.22, 55.74412155151367
90.82, 79.37820434570312
91.5, 84.44743347167969
93.04, 84.68278503417969
90.74, 61.92226791381836
91.22, 64.67288208007812
90.82, 125.47344207763672
91.5, 117.23814392089844
93.04, 94.08396911621094
90.74, 62.41093063354492
91.22, 62.204444885253906
90.82, 86.32367706298828
91.5, 81.35096740722656
93.04, 76.28724670410156
90.74, 60.892303466796875
91.22, 63.04294204711914
90.82, 90.59368133544922
91.5, 91.15690612792969
93.04, 86.74805450439453
90.74, 66.4697036743164
91.22, 69.14405822753906
90.82, 110.3158950805664
91.5, 106.78373718261719
93.04, 95.93632507324219
90.74, 69.53461456298828
91.22, 71.16136932373047
90.82, 96.3373794555664
91.5, 91.53746795654297
93.04, 91.42894744873047
90.74, 70.3714599609375
91.22, 72.67914581298828
90.82, 92.89283752441406
91.5, 90.82121276855469
93.04, 96.05811309814453
90.74, 73.13339233398438
91.22, 75.86051940917969
90.82, 98.31673431396484
91.5, 93.57605743408203
93.04, 97.54912567138672
90.74, 74.31687927246094
91.22, 76.9861068725586
90.82, 86.43755340576172
91.5, 85.53880310058594
93.04, 98.35133361816406
90.74, 77.08717346191406
91.22, 80.80908966064453
90.82, 101.56107330322266
91.5, 95.36849975585938
93.04, 99.59362030029297
90.74, 76.97673034667969
91.22, 79.9472427368164
90.82, 79.11499786376953
91.5, 78.7599868774414
93.04, 92.5073471069336
90.74, 78.96149444580078
91.22, 84.13078308105469
90.82, 100.45335388183594
91.5, 99.21295166015625
93.04, 103.23885345458984
90.74, 80.4050064086914
91.22, 83.85186004638672
90.82, 88.1709976196289
91.5, 86.07514190673828
93.04, 88.83103942871094
90.74, 78.33289337158203
91.22, 83.8639144897461
90.82, 91.29297637939453
91.5, 91.55419158935547
93.04, 94.03827667236328
90.74, 81.0287857055664
91.22, 86.8458480834961
90.82, 97.6979751586914
91.5, 96.37287139892578
93.04, 97.01329803466797
90.74, 82.53443145751953
91.22, 87.81888580322266
90.82, 92.38216400146484
91.5, 90.05557250976562
93.04, 93.10358428955078
90.74, 82.95321655273438
91.22, 88.65169525146484
90.82, 89.74871826171875
91.5, 88.7558822631836
93.04, 94.98872375488281
90.74, 85.07908630371094
91.22, 90.82393646240234
90.82, 92.53620910644531
91.5, 91.10453796386719
93.04, 97.8344955444336
90.74, 86.48554229736328
91.22, 91.70410919189453
90.82, 90.87370300292969
91.5, 89.1866683959961
93.04, 94.8670425415039
90.74, 86.52281951904297
91.22, 91.8472671508789
90.82, 90.4209976196289
91.5, 89.15013122558594
93.04, 94.25022888183594
90.74, 87.13538360595703
91.22, 92.50098419189453
90.82, 92.11915588378906
91.5, 90.74845886230469
93.04, 94.94271087646484
90.74, 87.64530181884766
91.22, 92.72570037841797
90.82, 92.03043365478516
91.5, 90.26522064208984
93.04, 93.59310913085938
90.74, 87.58647918701172
91.22, 92.58341217041016
90.82, 91.52294921875
91.5, 89.91535186767578
93.04, 93.20027923583984
90.74, 87.86197662353516
91.22, 92.78395080566406
90.82, 92.10740661621094
91.5, 90.54911041259766
93.04, 93.68457794189453
90.74, 88.24397277832031
91.22, 92.92213439941406
90.82, 92.12684631347656
91.5, 90.42024230957031
93.04, 93.41395568847656
90.74, 88.3570327758789
91.22, 92.83435821533203
90.82, 91.71786499023438
91.5, 90.08219909667969
93.04, 93.19075775146484
90.74, 88.51556396484375
91.22, 92.84793853759766
90.82, 91.86614227294922
91.5, 90.32414245605469
93.04, 93.48844146728516
90.74, 88.73480224609375
91.22, 92.85490417480469
90.82, 91.9237289428711
91.5, 90.34701538085938
93.04, 93.40348052978516
90.74, 88.80619812011719
91.22, 92.7346420288086
90.82, 91.7496109008789
91.5, 90.21830749511719
93.04, 93.2323989868164
90.74, 88.87197875976562
91.22, 92.65469360351562
90.82, 91.82134246826172
91.5, 90.36296844482422
93.04, 93.33621978759766
90.74, 88.98223114013672
91.22, 92.59622192382812
90.82, 91.86766815185547
91.5, 90.41905212402344
93.04, 93.29342651367188
90.74, 89.03792572021484
91.22, 92.49420166015625
90.82, 91.77999114990234
91.5, 90.3758773803711
93.04, 93.20903015136719
90.74, 89.09761047363281
91.22, 92.42266845703125
90.82, 91.78992462158203
91.5, 90.44920349121094
93.04, 93.2696304321289
90.74, 89.18522644042969
91.22, 92.37088775634766
90.82, 91.78445434570312
91.5, 90.47844696044922
93.04, 93.26045989990234
90.74, 89.24806213378906
91.22, 92.3026351928711
90.82, 91.7209243774414
91.5, 90.46597290039062
93.04, 93.22669219970703
90.74, 89.31072998046875
91.22, 92.2500228881836
90.82, 91.7110595703125
91.5, 90.51432037353516
93.04, 93.25505828857422
90.74, 89.38208770751953
91.22, 92.20475006103516
