24.0, -71.0027847290039
36.6, 7116.80419921875
18.0, -950.9138793945312
19.4, 224.7958526611328
16.4, -83.95623779296875
38.4, -52.99339294433594
40.2, 3751.242431640625
10.6, -767.6939697265625
33.0, -12210.7578125
24.6, -563.1337280273438
27.4, 3217.95703125
28.6, 1053.504150390625
27.6, -765.0297241210938
34.2, -879.1995849609375
30.8, 1293.48388671875
21.4, 205.84136962890625
12.6, -530.3206787109375
18.2, -1555.6624755859375
36.4, -462.92181396484375
34.2, 2588.326171875
24.0, 361.7867736816406
36.6, -2120.67578125
18.0, 292.41180419921875
19.4, 894.8641967773438
16.4, 646.2164306640625
38.4, 2269.45751953125
40.2, -1081.5963134765625
10.6, -302.9962158203125
33.0, -1070.5306396484375
24.6, 1143.3302001953125
27.4, 829.9365844726562
28.6, 14.38660717010498
27.6, -517.697021484375
34.2, -551.489990234375
30.8, 502.0409851074219
21.4, 959.4730224609375
12.6, -201.3753662109375
18.2, -984.3897705078125
36.4, -1323.544189453125
34.2, 1267.2015380859375
24.0, 1797.473876953125
36.6, 647.334228515625
18.0, -988.7034912109375
19.4, -1081.239013671875
16.4, -617.2998046875
38.4, -2164.27587890625
40.2, 1146.630859375
10.6, 253.0757598876953
33.0, 2223.81494140625
24.6, -18.572467803955078
27.4, -1036.2552490234375
28.6, -704.5098266601562
27.6, -615.9589233398438
34.2, 437.69744873046875
30.8, 584.906005859375
21.4, -1.980361819267273
12.6, -119.77133178710938
18.2, -391.980224609375
36.4, -348.3821105957031
34.2, 925.0386962890625
24.0, 328.7182312011719
36.6, -803.520263671875
18.0, 132.31488037109375
19.4, 354.88189697265625
16.4, 273.52813720703125
38.4, 1111.74560546875
40.2, -901.4876708984375
10.6, -100.761962890625
33.0, -110.31694030761719
24.6, 268.135986328125
27.4, 261.9285888671875
28.6, 90.67894744873047
27.6, 66.08175659179688
34.2, -197.79119873046875
30.8, -182.11968994140625
21.4, 246.81727600097656
12.6, 32.474281311035156
18.2, 63.406410217285156
36.4, 396.2738952636719
34.2, -276.6246337890625
24.0, -199.33714294433594
36.6, -136.42848205566406
18.0, 135.11981201171875
19.4, 211.84487915039062
16.4, 156.5478515625
38.4, 510.3038635253906
40.2, -121.86986541748047
10.6, -138.20619201660156
33.0, -605.03564453125
24.6, -0.9020312428474426
27.4, 311.05975341796875
28.6, 436.1773376464844
27.6, 711.2515258789062
34.2, 254.66928100585938
30.8, -432.7781982421875
21.4, -453.0270690917969
12.6, -151.7823028564453
18.2, -213.88223266601562
36.4, 29.658720016479492
34.2, 221.87188720703125
24.0, 310.87310791015625
36.6, 279.77459716796875
18.0, -57.397464752197266
19.4, -156.73486328125
16.4, -125.95465087890625
38.4, -720.4566650390625
40.2, -162.5064239501953
10.6, 30.399633407592773
33.0, 1036.0526123046875
24.6, 457.54522705078125
27.4, 84.27205657958984
28.6, -156.6693572998047
27.6, -454.45562744140625
34.2, -550.8856811523438
30.8, -281.9453125
21.4, -20.43307876586914
12.6, 43.633060455322266
18.2, 190.02096557617188
36.4, 562.31884765625
34.2, 280.96832275390625
24.0, 107.37875366210938
36.6, -112.16099548339844
18.0, -138.4227752685547
19.4, -123.00564575195312
16.4, -78.75252532958984
38.4, -372.7705993652344
40.2, -45.790077209472656
10.6, 36.663455963134766
33.0, 596.3253784179688
24.6, 204.7366943359375
27.4, -11.44912338256836
28.6, -170.27459716796875
27.6, -360.8102722167969
34.2, -307.2170715332031
30.8, -46.962398529052734
21.4, 103.22473907470703
12.6, 75.4682846069336
18.2, 202.4375
36.4, 424.4023132324219
34.2, 191.02908325195312
24.0, 44.853397369384766
36.6, -96.99691772460938
18.0, -84.40360260009766
19.4, -72.39848327636719
16.4, -42.86769104003906
38.4, -193.69757080078125
40.2, -25.527273178100586
10.6, 15.46319580078125
33.0, 358.5750732421875
24.6, 97.87378692626953
27.4, -74.04959869384766
28.6, -78.58231353759766
27.6, -90.92361450195312
34.2, -38.41542053222656
30.8, 40.123741149902344
21.4, 84.28836059570312
12.6, 35.431888580322266
18.2, 81.87544250488281
36.4, 169.0204620361328
34.2, 71.05963134765625
24.0, 16.88440704345703
36.6, -26.84415626525879
18.0, -27.52993392944336
19.4, -18.704477310180664
16.4, -11.227230072021484
38.4, -39.97857666015625
40.2, 30.892131805419922
10.6, 13.493486404418945
33.0, 126.73330688476562
24.6, 37.00629806518555
27.4, -0.17858579754829407
28.6, -19.144933700561523
27.6, -12.596485137939453
34.2, 28.731786727905273
30.8, 61.0844612121582
21.4, 52.12771224975586
12.6, 17.51598358154297
18.2, 32.624961853027344
36.4, 32.784751892089844
34.2, 18.317703247070312
24.0, 16.01073455810547
36.6, 39.91655349731445
18.0, 22.25509262084961
19.4, 10.712129592895508
16.4, 9.006441116333008
38.4, 63.698673248291016
40.2, 37.24135208129883
10.6, 8.218945503234863
33.0, -9.795971870422363
24.6, 47.29603576660156
27.4, 69.17436981201172
28.6, 19.58329200744629
27.6, 18.091711044311523
34.2, 23.788936614990234
30.8, 26.360387802124023
21.4, 28.8403377532959
12.6, 7.035120964050293
18.2, 13.477371215820312
36.4, 31.00957489013672
34.2, 21.96872901916504
24.0, 39.81625747680664
36.6, 73.56100463867188
18.0, 22.039348602294922
19.4, 5.550220966339111
16.4, -0.1959676444530487
38.4, -28.30767059326172
40.2, 28.043684005737305
10.6, 10.03026294708252
33.0, 111.50312042236328
24.6, 56.91925811767578
27.4, 33.591854095458984
28.6, -3.321429491043091
27.6, -24.98577117919922
34.2, -12.487110137939453
30.8, 24.259571075439453
21.4, 36.9851188659668
12.6, 18.47144889831543
18.2, 44.43549728393555
36.4, 90.94406127929688
34.2, 51.637935638427734
24.0, 27.491140365600586
36.6, 21.90807342529297
18.0, 2.785642623901367
19.4, -5.681746959686279
16.4, -2.944441080093384
38.4, -6.773550987243652
40.2, 27.863304138183594
10.6, 8.258190155029297
33.0, 71.03254699707031
24.6, 57.766639709472656
27.4, 54.23009490966797
28.6, 15.501721382141113
27.6, 10.060076713562012
34.2, 17.556575775146484
30.8, 23.459882736206055
21.4, 22.79877471923828
12.6, 5.9268317222595215
18.2, 12.093124389648438
36.4, 32.68922424316406
34.2, 26.84209632873535
24.0, 34.2269172668457
36.6, 67.61759948730469
18.0, 26.328405380249023
19.4, 10.019527435302734
16.4, 3.5854156017303467
38.4, 14.233996391296387
40.2, 33.902259826660156
10.6, 6.659879207611084
33.0, 47.47148513793945
24.6, 32.970947265625
27.4, 31.749868392944336
28.6, 7.05106258392334
27.6, 6.740822792053223
34.2, 31.686132431030273
30.8, 46.83861541748047
21.4, 38.77443313598633
12.6, 10.864806175231934
18.2, 16.60190200805664
36.4, 26.86056137084961
34.2, 21.783397674560547
24.0, 25.32410430908203
36.6, 55.219146728515625
18.0, 24.54521369934082
19.4, 10.046013832092285
16.4, 5.2928056716918945
38.4, 33.27070999145508
40.2, 35.73418045043945
10.6, 6.781242847442627
33.0, 15.962693214416504
24.6, 33.57197189331055
27.4, 45.876731872558594
28.6, 22.17566680908203
27.6, 30.13603973388672
34.2, 48.67985534667969
30.8, 46.80735778808594
21.4, 28.18366813659668
12.6, 6.141561985015869
18.2, 3.9728128910064697
36.4, -2.2139663696289062
34.2, 10.468441009521484
24.0, 24.837915420532227
36.6, 67.20096588134766
18.0, 35.58857727050781
19.4, 19.687469482421875
16.4, 11.233205795288086
38.4, 58.878082275390625
40.2, 41.84733963012695
10.6, 6.285457134246826
33.0, -15.320905685424805
24.6, 18.23995018005371
27.4, 38.08401870727539
28.6, 25.198190689086914
27.6, 41.267295837402344
34.2, 65.60215759277344
30.8, 60.47328186035156
21.4, 32.56401824951172
12.6, 6.575811862945557
18.2, 1.060044765472412
36.4, -16.503889083862305
34.2, 3.690077304840088
24.0, 21.520864486694336
36.6, 72.17737579345703
18.0, 38.916343688964844
19.4, 23.11013412475586
16.4, 12.816437721252441
38.4, 65.47489166259766
40.2, 37.50598907470703
10.6, 7.304811477661133
33.0, -20.231992721557617
24.6, 17.840444564819336
27.4, 39.94634246826172
28.6, 27.655879974365234
27.6, 43.528656005859375
34.2, 66.59052276611328
30.8, 60.33329391479492
21.4, 29.20315933227539
12.6, 7.086406707763672
18.2, 2.142997980117798
36.4, -25.741708755493164
34.2, -0.7097914218902588
24.0, 18.83257484436035
36.6, 70.53302001953125
18.0, 42.18083953857422
19.4, 28.957727432250977
16.4, 17.633237838745117
38.4, 82.40400695800781
40.2, 55.22604751586914
10.6, 6.816973686218262
33.0, -34.46711730957031
24.6, 3.4591150283813477
27.4, 29.05189323425293
28.6, 27.713651657104492
27.6, 53.926937103271484
34.2, 80.40178680419922
30.8, 61.79241943359375
21.4, 27.689407348632812
12.6, 5.673766136169434
18.2, -2.815131902694702
36.4, -43.76615524291992
34.2, -5.093822956085205
24.0, 18.218000411987305
36.6, 77.12091064453125
18.0, 47.88520050048828
19.4, 32.84980010986328
16.4, 19.842477798461914
38.4, 100.41858673095703
40.2, 53.091651916503906
10.6, 8.027249336242676
33.0, -51.96051788330078
24.6, -11.849074363708496
27.4, 18.04845428466797
28.6, 26.676753997802734
27.6, 64.6683349609375
34.2, 87.18687438964844
30.8, 61.473079681396484
21.4, 32.68771743774414
12.6, 5.2936224937438965
18.2, -5.149697780609131
36.4, -30.483842849731445
34.2, 7.787715911865234
24.0, 22.53055191040039
36.6, 63.10001754760742
18.0, 39.307472229003906
19.4, 27.67885971069336
16.4, 17.339033126831055
38.4, 83.61046600341797
40.2, 56.78334045410156
10.6, 10.707480430603027
33.0, -23.36060333251953
24.6, -2.4180445671081543
27.4, 19.716106414794922
28.6, 15.049073219299316
27.6, 29.218429565429688
34.2, 59.548221588134766
30.8, 63.8790397644043
21.4, 43.189632415771484
12.6, 17.073808670043945
18.2, 28.963871002197266
36.4, 14.026917457580566
34.2, 11.444738388061523
24.0, 10.921805381774902
36.6, 35.129005432128906
18.0, 34.21350860595703
19.4, 19.907445907592773
16.4, 11.317667007446289
38.4, 56.381656646728516
40.2, 49.92449188232422
10.6, 10.205934524536133
33.0, 22.297151565551758
24.6, 20.505220413208008
27.4, 20.486406326293945
28.6, 13.606611251831055
27.6, 22.183086395263672
34.2, 44.39073181152344
30.8, 43.449462890625
21.4, 30.76404571533203
12.6, 11.318668365478516
18.2, 19.030872344970703
36.4, 13.75845718383789
34.2, 20.453290939331055
24.0, 26.96112823486328
36.6, 51.50650405883789
18.0, 28.1126708984375
19.4, 17.69017791748047
16.4, 12.237700462341309
38.4, 44.75758743286133
40.2, 39.475318908691406
10.6, 10.490022659301758
33.0, 41.175804138183594
24.6, 22.075231552124023
27.4, 15.816251754760742
28.6, 8.048017501831055
27.6, 8.958208084106445
34.2, 28.606956481933594
30.8, 46.10261154174805
21.4, 37.07232666015625
12.6, 15.792967796325684
18.2, 27.809829711914062
36.4, 36.06865692138672
34.2, 26.45606803894043
24.0, 23.637113571166992
36.6, 40.19905090332031
18.0, 23.133241653442383
19.4, 12.326092720031738
16.4, 10.136914253234863
38.4, 41.59917449951172
40.2, 38.06465148925781
10.6, 10.74921703338623
33.0, 33.60778045654297
24.6, 34.71094512939453
27.4, 27.125015258789062
28.6, 15.224573135375977
27.6, 13.937484741210938
34.2, 26.48674964904785
30.8, 33.90776062011719
21.4, 30.33147621154785
12.6, 14.674301147460938
18.2, 23.059680938720703
36.4, 23.259540557861328
34.2, 38.30136489868164
24.0, 40.57831573486328
36.6, 53.717044830322266
18.0, 19.87092399597168
19.4, 5.071249485015869
16.4, 2.650233507156372
38.4, -0.9209383726119995
40.2, 39.03599166870117
10.6, 14.613398551940918
33.0, 88.32160186767578
24.6, 55.90383529663086
27.4, 26.416034698486328
28.6, 3.0924201011657715
27.6, -22.51033592224121
34.2, -16.32141876220703
30.8, 16.838863372802734
21.4, 29.522804260253906
12.6, 21.433433532714844
18.2, 53.75091552734375
36.4, 106.31426239013672
34.2, 63.528995513916016
24.0, 22.19707489013672
36.6, -5.281312942504883
18.0, -4.539471626281738
19.4, -5.4599690437316895
16.4, 1.0947811603546143
38.4, 6.2798051834106445
40.2, 34.069358825683594
10.6, 11.772828102111816
33.0, 81.66643524169922
24.6, 61.91212844848633
27.4, 37.565433502197266
28.6, 13.371501922607422
27.6, 3.484806776046753
34.2, 1.8386512994766235
30.8, 8.351740837097168
21.4, 16.71652603149414
12.6, 11.13939094543457
18.2, 28.034317016601562
36.4, 69.13297271728516
34.2, 47.671974182128906
24.0, 38.28563690185547
36.6, 38.3339729309082
18.0, 14.335078239440918
19.4, 2.952899932861328
16.4, 2.914508819580078
38.4, -7.326662063598633
40.2, 17.44692039489746
10.6, 9.132484436035156
33.0, 87.01579284667969
24.6, 59.12334060668945
27.4, 37.546226501464844
28.6, 16.02389907836914
27.6, 14.060097694396973
34.2, 12.225631713867188
30.8, 10.59558391571045
21.4, 15.128129005432129
12.6, 8.403241157531738
18.2, 20.50313949584961
36.4, 52.1688117980957
34.2, 40.00587844848633
24.0, 37.09043502807617
36.6, 46.373355865478516
18.0, 19.833650588989258
19.4, 7.2597270011901855
16.4, 4.859116554260254
38.4, 10.75612735748291
40.2, 23.96925163269043
10.6, 8.556188583374023
33.0, 56.31008529663086
24.6, 49.064109802246094
27.4, 37.77680206298828
28.6, 20.335369110107422
27.6, 22.599328994750977
34.2, 26.374238967895508
30.8, 25.01572036743164
21.4, 17.896770477294922
12.6, 7.96622371673584
18.2, 15.767648696899414
36.4, 35.041866302490234
34.2, 31.065086364746094
24.0, 30.52446174621582
36.6, 45.874088287353516
18.0, 24.000072479248047
19.4, 12.210219383239746
16.4, 9.260340690612793
38.4, 35.945125579833984
40.2, 36.156394958496094
10.6, 8.093106269836426
33.0, 28.92460823059082
24.6, 32.6282844543457
27.4, 27.696592330932617
28.6, 20.667510986328125
27.6, 30.456933975219727
34.2, 41.0806770324707
30.8, 39.23348617553711
21.4, 23.81792640686035
12.6, 8.920208930969238
18.2, 13.947223663330078
36.4, 21.769447326660156
34.2, 22.4317569732666
24.0, 24.282508850097656
36.6, 42.68632888793945
18.0, 27.09290885925293
19.4, 17.171010971069336
16.4, 13.33330249786377
38.4, 57.785255432128906
40.2, 47.82584762573242
10.6, 8.27318286895752
33.0, 7.426422595977783
24.6, 18.023225784301758
27.4, 18.752531051635742
28.6, 19.144865036010742
27.6, 36.10517120361328
34.2, 52.794490814208984
30.8, 47.84981918334961
21.4, 28.73412322998047
12.6, 10.286097526550293
18.2, 14.448322296142578
36.4, 13.906393051147461
34.2, 15.3192138671875
24.0, 19.335895538330078
36.6, 39.163726806640625
18.0, 28.812402725219727
19.4, 21.575645446777344
16.4, 16.80364418029785
38.4, 75.68506622314453
40.2, 55.6213493347168
10.6, 8.827804565429688
33.0, -9.185134887695312
24.6, 6.900125026702881
27.4, 14.291448593139648
28.6, 17.686599731445312
27.6, 38.20766830444336
34.2, 59.60948944091797
30.8, 54.00257110595703
21.4, 33.796688079833984
12.6, 12.589609146118164
18.2, 17.163175582885742
36.4, 6.7696733474731445
34.2, 12.746404647827148
24.0, 17.850130081176758
36.6, 38.63783264160156
18.0, 29.581310272216797
19.4, 23.610750198364258
16.4, 17.788652420043945
38.4, 76.08898162841797
40.2, 58.83768081665039
10.6, 10.097602844238281
33.0, -6.43202018737793
24.6, 4.691171646118164
27.4, 13.560444831848145
28.6, 15.489333152770996
27.6, 34.69174575805664
34.2, 55.59515380859375
30.8, 46.149871826171875
21.4, 33.0220947265625
12.6, 14.734414100646973
18.2, 23.536312103271484
36.4, 17.731548309326172
34.2, 18.49400520324707
24.0, 20.43465232849121
36.6, 33.68608856201172
18.0, 25.491044998168945
19.4, 20.618263244628906
16.4, 16.848060607910156
38.4, 64.75852966308594
40.2, 56.10759353637695
10.6, 11.129411697387695
33.0, 13.261938095092773
24.6, 11.510204315185547
27.4, 14.488324165344238
28.6, 12.500534057617188
27.6, 26.27107048034668
34.2, 42.65061569213867
30.8, 37.6359748840332
21.4, 31.934326171875
12.6, 15.747607231140137
18.2, 28.22188377380371
36.4, 35.09330368041992
34.2, 27.90233039855957
24.0, 23.43144989013672
36.6, 27.84656524658203
18.0, 20.228303909301758
19.4, 15.93171501159668
16.4, 13.972620964050293
38.4, 46.98221206665039
40.2, 49.371524810791016
10.6, 10.994184494018555
33.0, 36.71122741699219
24.6, 24.172269821166992
27.4, 19.760982513427734
28.6, 10.427886962890625
27.6, 15.712790489196777
34.2, 26.012126922607422
30.8, 27.37932014465332
21.4, 29.39197540283203
12.6, 16.976442337036133
18.2, 34.28453063964844
36.4, 56.8818473815918
34.2, 39.89225769042969
24.0, 24.951007843017578
36.6, 17.174331665039062
18.0, 12.43985652923584
19.4, 10.014971733093262
16.4, 10.736553192138672
38.4, 31.10628890991211
40.2, 46.576026916503906
10.6, 10.652470588684082
33.0, 58.34443283081055
24.6, 35.477230072021484
27.4, 21.77088737487793
28.6, 7.923339366912842
27.6, 6.450581073760986
34.2, 12.878671646118164
30.8, 18.1307315826416
21.4, 28.777591705322266
12.6, 16.52540397644043
18.2, 36.29925537109375
36.4, 73.72359466552734
34.2, 47.69683837890625
24.0, 28.746421813964844
36.6, 15.45357608795166
18.0, 7.852121353149414
19.4, 4.3507819175720215
16.4, 6.173442840576172
38.4, 12.98257064819336
40.2, 36.958805084228516
10.6, 10.390137672424316
33.0, 75.0889663696289
24.6, 50.493831634521484
27.4, 36.084720611572266
28.6, 8.356882095336914
27.6, -2.2773706912994385
34.2, -0.9177407026290894
30.8, 10.847535133361816
21.4, 26.17365074157715
12.6, 15.603593826293945
18.2, 36.39494323730469
36.4, 84.72618103027344
34.2, 50.49603271484375
24.0, 30.291748046875
36.6, 17.010726928710938
18.0, 5.491489410400391
19.4, 1.108027696609497
16.4, 5.018398284912109
38.4, 1.9780374765396118
40.2, 33.05708694458008
10.6, 9.521170616149902
33.0, 88.17353820800781
24.6, 55.077518463134766
27.4, 31.62009048461914
28.6, 9.40243148803711
27.6, 2.35923171043396
34.2, 0.40675756335258484
30.8, 9.212956428527832
21.4, 21.420455932617188
12.6, 11.766790390014648
18.2, 27.342134475708008
36.4, 78.73287963867188
34.2, 50.7618293762207
24.0, 38.18455505371094
36.6, 29.144020080566406
18.0, 8.182886123657227
19.4, 0.30762481689453125
16.4, 7.144029140472412
38.4, 33.12300491333008
40.2, 73.41862487792969
10.6, 4.326024532318115
33.0, -28.964771270751953
24.6, 1.0292879343032837
27.4, 28.039752960205078
28.6, 39.03005599975586
27.6, 86.89703369140625
34.2, 87.3532943725586
30.8, 21.430192947387695
21.4, -1.8114923238754272
12.6, -9.826330184936523
18.2, -28.363601684570312
36.4, -42.28427505493164
34.2, 0.500150740146637
24.0, 54.1774787902832
36.6, 121.80075073242188
18.0, 52.503379821777344
19.4, 26.42259979248047
16.4, 11.098480224609375
38.4, 16.091068267822266
40.2, 3.1552011966705322
10.6, 10.973362922668457
33.0, 39.93925476074219
24.6, 47.49402618408203
27.4, 66.53494262695312
28.6, 22.81205940246582
27.6, 13.70835018157959
34.2, 18.495075225830078
30.8, 30.812442779541016
21.4, 18.849536895751953
12.6, 13.184861183166504
18.2, 27.669816970825195
36.4, 33.783329010009766
34.2, 29.828983306884766
24.0, 25.713581085205078
36.6, 43.96554183959961
18.0, 19.532434463500977
19.4, 14.63280963897705
16.4, 9.574630737304688
38.4, 36.60859680175781
40.2, 41.95407485961914
10.6, 9.518473625183105
33.0, 31.709583282470703
24.6, 23.89162826538086
27.4, 32.01244354248047
28.6, 15.532045364379883
27.6, 26.35504150390625
34.2, 38.07194137573242
30.8, 34.93159866333008
21.4, 25.422155380249023
12.6, 11.291075706481934
18.2, 20.082822799682617
36.4, 26.395557403564453
34.2, 25.96131706237793
24.0, 26.88872718811035
36.6, 46.0352897644043
18.0, 21.55562973022461
19.4, 17.215198516845703
16.4, 11.392681121826172
38.4, 39.432682037353516
40.2, 41.66281509399414
10.6, 10.278059005737305
33.0, 33.36678695678711
24.6, 22.43475914001465
27.4, 26.28304100036621
28.6, 15.296062469482422
27.6, 24.63351821899414
34.2, 37.67412567138672
30.8, 35.47638702392578
21.4, 25.5357608795166
12.6, 13.339783668518066
18.2, 24.284751892089844
36.4, 29.57438087463379
34.2, 31.31963539123535
24.0, 24.995357513427734
36.6, 36.53463363647461
18.0, 18.82148551940918
19.4, 16.43437385559082
16.4, 12.683754920959473
38.4, 45.963287353515625
40.2, 46.02465057373047
10.6, 10.636666297912598
33.0, 28.805631637573242
24.6, 20.0314998626709
27.4, 22.1986141204834
28.6, 16.402557373046875
27.6, 26.836284637451172
34.2, 39.385826110839844
30.8, 34.52785110473633
21.4, 26.05490493774414
12.6, 13.012459754943848
18.2, 23.369937896728516
36.4, 31.083873748779297
34.2, 31.48153305053711
24.0, 25.15015983581543
36.6, 34.04042434692383
18.0, 19.0537052154541
19.4, 17.424819946289062
16.4, 13.666410446166992
38.4, 45.47783660888672
40.2, 47.27074432373047
10.6, 10.299018859863281
33.0, 34.12944793701172
24.6, 18.616071701049805
27.4, 17.578519821166992
28.6, 14.502581596374512
27.6, 24.215389251708984
34.2, 35.64568328857422
30.8, 34.27460861206055
21.4, 27.609161376953125
12.6, 14.185905456542969
18.2, 26.787424087524414
36.4, 40.1234016418457
34.2, 35.065086364746094
24.0, 23.827619552612305
36.6, 24.7950496673584
18.0, 15.79932975769043
19.4, 16.027141571044922
16.4, 13.978513717651367
38.4, 46.597896575927734
40.2, 50.550601959228516
10.6, 9.948009490966797
33.0, 36.07783508300781
24.6, 18.53913116455078
27.4, 14.788344383239746
28.6, 13.57335376739502
27.6, 22.06861686706543
34.2, 33.834415435791016
30.8, 33.01346206665039
21.4, 28.82253074645996
12.6, 14.259119987487793
18.2, 27.25541877746582
36.4, 45.38145065307617
34.2, 35.77568817138672
24.0, 24.68354606628418
36.6, 22.680561065673828
18.0, 14.355838775634766
19.4, 14.59370231628418
16.4, 13.426644325256348
38.4, 40.93156814575195
40.2, 50.95576095581055
10.6, 10.014403343200684
33.0, 42.419559478759766
24.6, 22.438989639282227
27.4, 16.03386688232422
28.6, 12.578977584838867
27.6, 17.909101486206055
34.2, 28.35867691040039
30.8, 29.95376205444336
21.4, 28.51994514465332
12.6, 15.095102310180664
18.2, 29.431886672973633
36.4, 54.14949035644531
34.2, 39.26457977294922
24.0, 25.142526626586914
36.6, 17.834447860717773
18.0, 11.355119705200195
19.4, 11.149951934814453
16.4, 12.562926292419434
38.4, 36.80509948730469
40.2, 50.83634567260742
10.6, 10.076128005981445
33.0, 45.16593551635742
24.6, 29.071659088134766
27.4, 18.50322151184082
28.6, 12.705269813537598
27.6, 15.93053913116455
34.2, 24.485902786254883
30.8, 25.838159561157227
21.4, 27.47934913635254
12.6, 14.659041404724121
18.2, 28.287006378173828
36.4, 58.711856842041016
34.2, 40.84159469604492
24.0, 27.263654708862305
36.6, 19.63935089111328
18.0, 10.375526428222656
19.4, 9.759915351867676
16.4, 11.163300514221191
38.4, 26.584877014160156
40.2, 47.449134826660156
10.6, 10.476988792419434
33.0, 62.56610870361328
24.6, 31.800281524658203
27.4, 16.626785278320312
28.6, 8.326848030090332
27.6, 7.9550557136535645
34.2, 14.52392578125
30.8, 24.33824348449707
21.4, 29.3857479095459
12.6, 17.00675392150879
18.2, 34.73963928222656
36.4, 71.57241821289062
34.2, 48.150306701660156
24.0, 24.026466369628906
36.6, 7.975472450256348
18.0, 5.8653950691223145
19.4, 7.025816917419434
16.4, 10.324714660644531
38.4, 29.6763973236084
40.2, 51.08530807495117
10.6, 9.840850830078125
33.0, 58.11293411254883
24.6, 28.359567642211914
27.4, 16.800811767578125
28.6, 8.125727653503418
27.6, 13.129924774169922
34.2, 20.842914581298828
30.8, 27.476743698120117
21.4, 28.373573303222656
12.6, 15.123113632202148
18.2, 27.675838470458984
36.4, 61.24164581298828
34.2, 40.751522064208984
24.0, 27.149559020996094
36.6, 24.315797805786133
18.0, 9.444952011108398
19.4, 8.666521072387695
16.4, 8.920278549194336
38.4, 20.657808303833008
40.2, 42.713069915771484
10.6, 10.074970245361328
33.0, 60.413330078125
24.6, 37.78794860839844
27.4, 27.77444839477539
28.6, 10.391101837158203
27.6, 8.442239761352539
34.2, 14.471083641052246
30.8, 24.938081741333008
21.4, 27.27463150024414
12.6, 14.624066352844238
18.2, 26.16704750061035
36.4, 65.27190399169922
34.2, 42.419559478759766
24.0, 29.838964462280273
36.6, 24.65154266357422
18.0, 8.735039710998535
19.4, 6.952649116516113
16.4, 8.024991989135742
38.4, 12.834454536437988
40.2, 39.945899963378906
10.6, 9.140984535217285
33.0, 73.09899139404297
24.6, 41.50239562988281
27.4, 25.763811111450195
28.6, 8.737970352172852
27.6, 3.5557923316955566
34.2, 8.423138618469238
30.8, 22.176589965820312
21.4, 26.410703659057617
12.6, 15.524759292602539
18.2, 28.322017669677734
36.4, 74.80171203613281
34.2, 44.620765686035156
24.0, 30.590641021728516
36.6, 22.825885772705078
18.0, 6.297462463378906
19.4, 5.1006388664245605
16.4, 6.3404951095581055
38.4, 6.0977559089660645
40.2, 35.96803665161133
10.6, 8.744239807128906
33.0, 80.72411346435547
24.6, 47.94388198852539
27.4, 30.888517379760742
28.6, 8.47156047821045
27.6, -2.5695977210998535
34.2, -1.1715511083602905
30.8, 20.21514320373535
21.4, 25.797990798950195
12.6, 17.09305763244629
18.2, 33.46702194213867
36.4, 83.28942108154297
34.2, 51.607643127441406
24.0, 29.01325035095215
36.6, 15.690471649169922
18.0, 3.2709271907806396
19.4, 2.376136302947998
16.4, 5.943437099456787
38.4, 5.281251907348633
40.2, 35.91120147705078
10.6, 8.363280296325684
33.0, 85.82598876953125
24.6, 46.09191131591797
27.4, 26.87553596496582
28.6, 8.15250015258789
27.6, 3.6730458736419678
34.2, 5.269433498382568
30.8, 16.723546981811523
21.4, 24.29226303100586
12.6, 13.543499946594238
18.2, 24.35485076904297
36.4, 74.17230224609375
34.2, 47.57219314575195
24.0, 34.7608757019043
36.6, 31.569616317749023
18.0, 6.928109169006348
19.4, 1.6821469068527222
16.4, 3.580064296722412
38.4, -3.6165473461151123
40.2, 23.696508407592773
10.6, 10.090470314025879
33.0, 89.18238067626953
24.6, 61.97511672973633
27.4, 38.508705139160156
28.6, 10.520419120788574
27.6, 0.38100627064704895
34.2, -1.5670353174209595
30.8, 10.314399719238281
21.4, 19.93984031677246
12.6, 12.535101890563965
18.2, 21.056299209594727
36.4, 78.25735473632812
34.2, 44.41408157348633
24.0, 41.595123291015625
36.6, 60.206382751464844
18.0, 29.47310447692871
19.4, 20.700607299804688
16.4, 16.70212173461914
38.4, 37.35048294067383
40.2, 47.28468322753906
10.6, 7.523575782775879
33.0, 36.56059265136719
24.6, 19.50740623474121
27.4, 19.248281478881836
28.6, 10.62117862701416
27.6, 27.42904281616211
34.2, 33.044132232666016
30.8, 21.700572967529297
21.4, 20.542531967163086
12.6, 7.303586483001709
18.2, 1.856546401977539
36.4, 22.2479305267334
34.2, 10.658798217773438
24.0, 24.072824478149414
36.6, 38.24972152709961
18.0, 20.898941040039062
19.4, 16.304582595825195
16.4, 15.09637451171875
38.4, 35.65510559082031
40.2, 48.226837158203125
10.6, 9.11133098602295
33.0, 43.11237335205078
24.6, 28.10772132873535
27.4, 29.643136978149414
28.6, 17.52672004699707
27.6, 35.78561019897461
34.2, 43.565433502197266
30.8, 32.68356704711914
21.4, 28.39792823791504
12.6, 10.558408737182617
18.2, 9.121201515197754
36.4, 32.09135437011719
34.2, 18.752466201782227
24.0, 27.861291885375977
36.6, 40.22715377807617
18.0, 22.296689987182617
19.4, 15.715914726257324
16.4, 14.493956565856934
38.4, 35.06228256225586
40.2, 42.933414459228516
10.6, 9.945706367492676
33.0, 35.82548904418945
24.6, 25.394672393798828
27.4, 28.622974395751953
28.6, 16.275531768798828
27.6, 31.20193862915039
34.2, 38.54526138305664
30.8, 31.265422821044922
21.4, 25.487712860107422
12.6, 11.064330101013184
18.2, 11.6827974319458
36.4, 31.451427459716797
34.2, 20.091955184936523
24.0, 27.021574020385742
36.6, 38.74090576171875
18.0, 22.217805862426758
19.4, 15.442591667175293
16.4, 14.44211483001709
38.4, 37.711265563964844
40.2, 43.554359436035156
10.6, 11.312887191772461
33.0, 35.85132598876953
24.6, 27.318557739257812
27.4, 32.16925048828125
28.6, 17.503437042236328
27.6, 30.978607177734375
34.2, 38.270042419433594
30.8, 32.533103942871094
21.4, 25.20598602294922
12.6, 11.893840789794922
18.2, 13.392906188964844
36.4, 31.165206909179688
34.2, 21.661392211914062
24.0, 26.33824920654297
36.6, 37.03303527832031
18.0, 21.61353874206543
19.4, 14.734841346740723
16.4, 14.071298599243164
38.4, 40.28022003173828
40.2, 41.68779373168945
10.6, 12.28976058959961
33.0, 33.80715560913086
24.6, 27.467981338500977
27.4, 33.94572830200195
28.6, 17.695642471313477
27.6, 29.828081130981445
34.2, 37.06570816040039
30.8, 34.35109329223633
21.4, 24.483461380004883
12.6, 13.173799514770508
18.2, 15.412160873413086
36.4, 33.008079528808594
34.2, 25.032625198364258
24.0, 25.514009475708008
36.6, 35.25101089477539
18.0, 21.255311965942383
19.4, 14.131648063659668
16.4, 14.374360084533691
38.4, 42.92177200317383
40.2, 43.65401840209961
10.6, 13.088544845581055
33.0, 30.914073944091797
24.6, 28.479236602783203
27.4, 33.59495162963867
28.6, 18.43525505065918
27.6, 27.59642219543457
34.2, 34.45254135131836
30.8, 33.9459342956543
21.4, 23.516550064086914
12.6, 13.403071403503418
18.2, 15.26899242401123
36.4, 33.2223014831543
34.2, 25.629549026489258
24.0, 25.47581672668457
36.6, 33.31830978393555
18.0, 21.00359344482422
19.4, 13.849212646484375
16.4, 14.249584197998047
38.4, 41.87643814086914
40.2, 42.88785934448242
10.6, 12.99584674835205
33.0, 31.136821746826172
24.6, 28.70688247680664
27.4, 33.26652145385742
28.6, 19.2513427734375
27.6, 27.953319549560547
34.2, 34.979122161865234
30.8, 34.743770599365234
21.4, 24.576488494873047
12.6, 13.827171325683594
18.2, 15.551830291748047
36.4, 35.01968765258789
34.2, 26.733959197998047
24.0, 26.325305938720703
36.6, 33.07673263549805
18.0, 20.783775329589844
19.4, 13.512391090393066
16.4, 14.10246753692627
38.4, 40.670467376708984
40.2, 41.48781204223633
10.6, 12.707715034484863
33.0, 30.942113876342773
24.6, 28.20064353942871
27.4, 32.29570388793945
28.6, 19.523096084594727
27.6, 27.9144344329834
34.2, 35.59470748901367
30.8, 35.29909896850586
21.4, 25.086591720581055
12.6, 14.009073257446289
18.2, 15.499791145324707
36.4, 35.94407272338867
34.2, 27.1845760345459
24.0, 26.74526023864746
36.6, 33.00502395629883
18.0, 20.623830795288086
19.4, 13.503515243530273
16.4, 14.063070297241211
38.4, 40.1375732421875
40.2, 40.99235534667969
10.6, 12.54638671875
33.0, 31.4537410736084
24.6, 27.948148727416992
27.4, 31.519941329956055
28.6, 19.64857292175293
27.6, 27.8219051361084
34.2, 35.80558776855469
30.8, 35.34754180908203
21.4, 25.226110458374023
12.6, 14.055678367614746
18.2, 15.391355514526367
36.4, 36.33472442626953
34.2, 27.449979782104492
24.0, 27.125730514526367
36.6, 33.16974639892578
18.0, 20.595083236694336
19.4, 13.47614574432373
16.4, 14.041810035705566
38.4, 39.69452667236328
40.2, 40.5362548828125
10.6, 12.425399780273438
33.0, 31.720428466796875
24.6, 27.66411590576172
27.4, 30.8466796875
28.6, 19.71178436279297
27.6, 27.81365966796875
34.2, 35.889060974121094
30.8, 35.36365509033203
21.4, 25.346641540527344
12.6, 14.114187240600586
18.2, 15.493976593017578
36.4, 36.662086486816406
34.2, 27.726547241210938
24.0, 27.41326141357422
36.6, 33.33953094482422
18.0, 20.67972183227539
19.4, 13.471981048583984
16.4, 14.062299728393555
38.4, 39.45447540283203
40.2, 40.21381378173828
10.6, 12.356388092041016
33.0, 31.943092346191406
24.6, 27.4217529296875
27.4, 29.941482543945312
28.6, 19.041202545166016
27.6, 27.505455017089844
34.2, 36.00453186035156
30.8, 35.55608367919922
21.4, 25.66386604309082
12.6, 14.241909980773926
18.2, 15.784821510314941
36.4, 37.01289367675781
34.2, 27.985580444335938
24.0, 27.51458740234375
36.6, 33.423484802246094
18.0, 20.650238037109375
19.4, 13.434575080871582
16.4, 14.04858684539795
38.4, 39.221588134765625
40.2, 39.930320739746094
10.6, 12.297608375549316
33.0, 32.0389404296875
24.6, 27.285310745239258
27.4, 29.97550392150879
28.6, 19.83268928527832
27.6, 27.698976516723633
34.2, 35.83553695678711
30.8, 35.34524917602539
21.4, 25.56780433654785
12.6, 14.22463607788086
18.2, 15.801023483276367
36.4, 36.85932922363281
34.2, 27.976320266723633
24.0, 27.437822341918945
36.6, 33.471954345703125
18.0, 20.63361930847168
19.4, 13.435270309448242
16.4, 14.07052230834961
38.4, 39.21194076538086
40.2, 39.92014694213867
10.6, 12.277863502502441
33.0, 32.33296585083008
24.6, 27.254793167114258
27.4, 29.7469425201416
28.6, 19.883813858032227
27.6, 27.633989334106445
34.2, 35.749637603759766
30.8, 35.23544692993164
21.4, 25.519474029541016
12.6, 14.231297492980957
18.2, 15.860095024108887
36.4, 36.80393600463867
34.2, 28.051767349243164
24.0, 27.37907600402832
36.6, 33.50770950317383
18.0, 20.604291915893555
19.4, 13.439784049987793
16.4, 14.07552433013916
38.4, 39.1927375793457
40.2, 39.90987777709961
10.6, 12.250829696655273
33.0, 32.47218704223633
24.6, 27.25564193725586
27.4, 29.563236236572266
28.6, 19.936161041259766
27.6, 27.610553741455078
34.2, 35.7279167175293
30.8, 35.18564224243164
21.4, 25.487598419189453
12.6, 14.251447677612305
18.2, 15.940498352050781
36.4, 36.7927360534668
34.2, 28.168102264404297
24.0, 27.320133209228516
36.6, 33.52554702758789
18.0, 20.568706512451172
19.4, 13.443927764892578
16.4, 14.071870803833008
38.4, 39.174678802490234
40.2, 39.897884368896484
10.6, 12.221600532531738
33.0, 32.529720306396484
24.6, 27.270002365112305
27.4, 29.396223068237305
28.6, 19.991430282592773
27.6, 27.60481071472168
34.2, 35.7352409362793
30.8, 35.16726303100586
21.4, 25.469663619995117
12.6, 14.278045654296875
18.2, 16.014421463012695
36.4, 36.804256439208984
34.2, 28.302610397338867
24.0, 27.264707565307617
36.6, 33.54096603393555
18.0, 20.52935218811035
19.4, 13.445878028869629
16.4, 14.064346313476562
38.4, 39.15693283081055
40.2, 39.876129150390625
10.6, 12.19274616241455
33.0, 32.54803466796875
24.6, 27.283483505249023
27.4, 29.245054244995117
28.6, 20.04725456237793
27.6, 27.602819442749023
34.2, 35.75169372558594
30.8, 35.16107177734375
21.4, 25.462936401367188
12.6, 14.307644844055176
18.2, 16.125089645385742
36.4, 36.82464599609375
34.2, 28.43817710876465
24.0, 27.209768295288086
36.6, 33.55394744873047
18.0, 20.486230850219727
19.4, 13.445345878601074
16.4, 14.053677558898926
38.4, 39.13048553466797
40.2, 39.84513854980469
10.6, 12.164606094360352
33.0, 32.549400329589844
24.6, 27.29309844970703
27.4, 29.10443878173828
28.6, 20.101741790771484
27.6, 27.600677490234375
34.2, 35.772315979003906
30.8, 35.154541015625
21.4, 25.464309692382812
12.6, 14.336353302001953
18.2, 16.21674346923828
36.4, 36.849403381347656
34.2, 28.572998046875
24.0, 27.16278076171875
36.6, 33.58100891113281
18.0, 20.44681167602539
19.4, 13.448150634765625
16.4, 14.042621612548828
38.4, 39.10175323486328
40.2, 39.8118896484375
10.6, 12.136924743652344
33.0, 32.5416259765625
24.6, 27.296661376953125
27.4, 28.965524673461914
28.6, 20.151386260986328
27.6, 27.595338821411133
34.2, 35.78917694091797
30.8, 35.1417236328125
21.4, 25.468446731567383
12.6, 14.364048957824707
18.2, 16.30631446838379
36.4, 36.87126159667969
34.2, 28.705202102661133
24.0, 27.115938186645508
36.6, 33.61412811279297
18.0, 20.408823013305664
19.4, 13.454228401184082
16.4, 14.031533241271973
38.4, 39.075523376464844
40.2, 39.78126525878906
10.6, 12.110194206237793
33.0, 32.52762222290039
24.6, 27.29612922668457
27.4, 28.833444595336914
28.6, 20.196813583374023
27.6, 27.589372634887695
34.2, 35.79946517944336
30.8, 35.1256217956543
21.4, 25.471643447875977
12.6, 14.393500328063965
18.2, 16.400774002075195
36.4, 36.8897819519043
34.2, 28.844858169555664
24.0, 27.062517166137695
36.6, 33.64681625366211
18.0, 20.37019157409668
19.4, 13.462446212768555
16.4, 14.019436836242676
38.4, 39.05144119262695
40.2, 39.750370025634766
10.6, 12.084704399108887
33.0, 32.50490951538086
24.6, 27.28951644897461
27.4, 28.71041488647461
28.6, 20.236915588378906
27.6, 27.585865020751953
34.2, 35.798954010009766
30.8, 35.10893630981445
21.4, 25.475025177001953
12.6, 14.43122673034668
18.2, 16.51555633544922
36.4, 36.907047271728516
34.2, 29.04330062866211
24.0, 26.993717193603516
36.6, 33.67002487182617
18.0, 20.324913024902344
19.4, 13.468524932861328
16.4, 14.002262115478516
38.4, 39.00966262817383
40.2, 39.69937515258789
10.6, 12.0582914352417
33.0, 32.45907211303711
24.6, 27.268230438232422
27.4, 28.596500396728516
28.6, 20.27078628540039
27.6, 27.595258712768555
34.2, 35.792049407958984
30.8, 35.101131439208984
21.4, 25.49518394470215
12.6, 14.488652229309082
18.2, 16.67449378967285
36.4, 36.932796478271484
34.2, 29.335590362548828
24.0, 26.91823959350586
36.6, 33.70920944213867
18.0, 20.27615737915039
19.4, 13.476666450500488
16.4, 13.982069969177246
38.4, 38.94105911254883
40.2, 39.62602615356445
10.6, 12.024160385131836
33.0, 32.38347244262695
24.6, 27.22975730895996
27.4, 28.468671798706055
28.6, 20.301713943481445
27.6, 27.621885299682617
34.2, 35.82472229003906
30.8, 35.097496032714844
21.4, 25.541669845581055
12.6, 14.537327766418457
18.2, 16.80403709411621
36.4, 36.95067596435547
34.2, 29.60207176208496
24.0, 26.85389518737793
36.6, 33.763275146484375
18.0, 20.220186233520508
19.4, 13.488809585571289
16.4, 13.962207794189453
38.4, 38.85668182373047
40.2, 39.54884338378906
10.6, 11.983595848083496
33.0, 32.31182098388672
24.6, 27.18537139892578
27.4, 28.332054138183594
28.6, 20.32910919189453
27.6, 27.65935516357422
34.2, 35.907676696777344
30.8, 35.07952117919922
21.4, 25.569671630859375
12.6, 14.568584442138672
18.2, 16.88988494873047
36.4, 36.93341827392578
34.2, 29.817604064941406
24.0, 26.77881622314453
36.6, 33.79578399658203
18.0, 20.15277862548828
19.4, 13.50406551361084
16.4, 13.94851303100586
38.4, 38.79924774169922
40.2, 39.49848937988281
10.6, 11.94609260559082
33.0, 32.283424377441406
24.6, 27.15777587890625
27.4, 28.207313537597656
28.6, 20.358642578125
27.6, 27.70679473876953
34.2, 35.998939514160156
30.8, 35.05089569091797
21.4, 25.583459854125977
12.6, 14.592055320739746
18.2, 16.96095848083496
36.4, 36.925262451171875
34.2, 30.01757049560547
24.0, 26.71307373046875
36.6, 33.832122802734375
18.0, 20.088760375976562
19.4, 13.522820472717285
16.4, 13.938103675842285
38.4, 38.75794219970703
40.2, 39.45648193359375
10.6, 11.910677909851074
33.0, 32.26085662841797
24.6, 27.130739212036133
27.4, 28.091394424438477
28.6, 20.38486671447754
27.6, 27.746522903442383
34.2, 36.073123931884766
30.8, 35.0118522644043
21.4, 25.588220596313477
12.6, 14.611310005187988
18.2, 17.02520179748535
36.4, 36.91512680053711
34.2, 30.205636978149414
24.0, 26.648019790649414
36.6, 33.86920166015625
18.0, 20.02911949157715
19.4, 13.544130325317383
16.4, 13.930126190185547
38.4, 38.73275375366211
40.2, 39.4279899597168
10.6, 11.877480506896973
33.0, 32.24335861206055
24.6, 27.103878021240234
27.4, 27.99160385131836
28.6, 20.407737731933594
27.6, 27.777347564697266
34.2, 36.1308479309082
30.8, 34.963069915771484
21.4, 25.582744598388672
12.6, 14.626424789428711
18.2, 17.082500457763672
36.4, 36.898677825927734
34.2, 30.382793426513672
24.0, 26.583141326904297
36.6, 33.9017448425293
18.0, 19.971511840820312
19.4, 13.565619468688965
16.4, 13.921797752380371
38.4, 38.71648025512695
40.2, 39.400516510009766
10.6, 11.844093322753906
33.0, 32.221378326416016
24.6, 27.081928253173828
27.4, 27.92593765258789
28.6, 20.428096771240234
27.6, 27.801898956298828
34.2, 36.178035736083984
30.8, 34.91569900512695
21.4, 25.560590744018555
12.6, 14.633658409118652
18.2, 17.124160766601562
36.4, 36.86668014526367
34.2, 30.547245025634766
24.0, 26.52279281616211
36.6, 33.92277908325195
18.0, 19.923179626464844
19.4, 13.591286659240723
16.4, 13.920462608337402
38.4, 38.7409553527832
40.2, 39.39226150512695
10.6, 11.81580638885498
33.0, 32.21903610229492
24.6, 27.07686424255371
27.4, 27.932249069213867
28.6, 20.45030403137207
27.6, 27.80731773376465
34.2, 36.184913635253906
30.8, 34.85126495361328
21.4, 25.51202964782715
12.6, 14.6280517578125
18.2, 17.142393112182617
36.4, 36.77330017089844
34.2, 30.681882858276367
24.0, 26.458669662475586
36.6, 33.93515396118164
18.0, 19.883535385131836
19.4, 13.62175178527832
16.4, 13.928783416748047
38.4, 38.809913635253906
40.2, 39.416725158691406
10.6, 11.792248725891113
33.0, 32.255165100097656
24.6, 27.089109420776367
27.4, 27.945648193359375
28.6, 20.475650787353516
27.6, 27.804275512695312
34.2, 36.16996765136719
30.8, 34.770469665527344
21.4, 25.44628143310547
12.6, 14.614049911499023
18.2, 17.150291442871094
36.4, 36.64569091796875
34.2, 30.79937744140625
24.0, 26.39862060546875
36.6, 33.954933166503906
18.0, 19.85599136352539
19.4, 13.656161308288574
16.4, 13.946249961853027
38.4, 38.90480041503906
40.2, 39.464111328125
10.6, 11.772270202636719
33.0, 32.32167053222656
24.6, 27.10479736328125
27.4, 27.959617614746094
28.6, 20.502029418945312
27.6, 27.793861389160156
34.2, 36.13824462890625
30.8, 34.673736572265625
21.4, 25.38004493713379
12.6, 14.595980644226074
18.2, 17.153549194335938
36.4, 36.51427459716797
34.2, 30.898155212402344
24.0, 26.339027404785156
36.6, 33.97106170654297
18.0, 19.832862854003906
19.4, 13.686226844787598
16.4, 13.967734336853027
38.4, 38.980552673339844
40.2, 39.501197814941406
10.6, 11.755209922790527
33.0, 32.42054748535156
24.6, 27.129465103149414
27.4, 27.98906898498535
28.6, 20.541433334350586
27.6, 27.78898811340332
34.2, 36.11176681518555
30.8, 34.58250045776367
21.4, 25.328096389770508
12.6, 14.58033561706543
18.2, 17.15936851501465
36.4, 36.39640426635742
34.2, 30.984880447387695
24.0, 26.278566360473633
36.6, 33.96867370605469
18.0, 19.80706214904785
19.4, 13.702859878540039
16.4, 13.986051559448242
38.4, 39.02155685424805
40.2, 39.48042678833008
10.6, 11.739198684692383
33.0, 32.53325271606445
24.6, 27.163089752197266
27.4, 28.037540435791016
28.6, 20.598255157470703
27.6, 27.796390533447266
34.2, 36.10588455200195
30.8, 34.51035690307617
21.4, 25.29837417602539
12.6, 14.570297241210938
18.2, 17.171825408935547
36.4, 36.29984664916992
34.2, 31.068889617919922
24.0, 26.21627426147461
36.6, 33.94870376586914
18.0, 19.775249481201172
19.4, 13.707682609558105
16.4, 13.99853229522705
38.4, 39.0251579284668
40.2, 39.43416976928711
10.6, 11.720453262329102
33.0, 32.63176345825195
24.6, 27.19180679321289
27.4, 28.089366912841797
28.6, 20.662803649902344
27.6, 27.810260772705078
34.2, 36.1136589050293
30.8, 34.450069427490234
21.4, 25.28487205505371
12.6, 14.5657377243042
18.2, 17.19380760192871
36.4, 36.22579574584961
34.2, 31.162120819091797
24.0, 26.153667449951172
36.6, 33.92385482788086
18.0, 19.740184783935547
19.4, 13.708085060119629
16.4, 14.006258964538574
38.4, 39.00350570678711
40.2, 39.393795013427734
10.6, 11.697260856628418
33.0, 32.694515228271484
24.6, 27.20441246032715
27.4, 28.13948631286621
28.6, 20.72736930847168
27.6, 27.820402145385742
34.2, 36.10882568359375
30.8, 34.38310241699219
21.4, 25.269804000854492
12.6, 14.564583778381348
18.2, 17.229406356811523
36.4, 36.15266418457031
34.2, 31.27509880065918
24.0, 26.08100700378418
36.6, 33.90216827392578
18.0, 19.703336715698242
19.4, 13.719667434692383
16.4, 14.015134811401367
38.4, 38.980140686035156
40.2, 39.38617706298828
10.6, 11.671351432800293
33.0, 32.743553161621094
24.6, 27.204696655273438
27.4, 28.205337524414062
28.6, 20.819236755371094
27.6, 27.835533142089844
34.2, 36.07249450683594
30.8, 34.28935241699219
21.4, 25.248916625976562
12.6, 14.568923950195312
18.2, 17.28778076171875
36.4, 36.06050109863281
34.2, 31.435653686523438
24.0, 25.984146118164062
36.6, 33.873321533203125
18.0, 19.65692138671875
19.4, 13.737044334411621
16.4, 14.022796630859375
38.4, 38.945350646972656
40.2, 39.40167236328125
10.6, 11.644979476928711
33.0, 32.777122497558594
24.6, 27.18499755859375
27.4, 28.339889526367188
28.6, 20.977588653564453
27.6, 27.86033058166504
34.2, 36.00946044921875
30.8, 34.17271423339844
21.4, 25.227907180786133
12.6, 14.571549415588379
18.2, 17.33770179748535
36.4, 35.956260681152344
34.2, 31.599937438964844
24.0, 25.907272338867188
36.6, 33.869163513183594
18.0, 19.609542846679688
19.4, 13.765164375305176
16.4, 14.033129692077637
38.4, 38.88938903808594
40.2, 39.41541290283203
10.6, 11.611442565917969
33.0, 32.83683395385742
24.6, 27.160791397094727
27.4, 28.426958084106445
28.6, 21.12398338317871
27.6, 27.9018497467041
34.2, 35.95725631713867
30.8, 34.04909896850586
21.4, 25.210987091064453
12.6, 14.563395500183105
18.2, 17.35569190979004
36.4, 35.86320114135742
34.2, 31.747529983520508
24.0, 25.847352981567383
36.6, 33.89175796508789
18.0, 19.56612205505371
19.4, 13.80388069152832
16.4, 14.045933723449707
38.4, 38.829524993896484
40.2, 39.435909271240234
10.6, 11.57396411895752
33.0, 32.90732955932617
24.6, 27.136646270751953
27.4, 28.476680755615234
28.6, 21.257614135742188
27.6, 27.945842742919922
34.2, 35.9139518737793
30.8, 33.92251968383789
21.4, 25.19332504272461
12.6, 14.549154281616211
18.2, 17.35726547241211
36.4, 35.78239822387695
34.2, 31.87497329711914
24.0, 25.810771942138672
36.6, 33.92692947387695
18.0, 19.525062561035156
19.4, 13.846427917480469
16.4, 14.057682037353516
38.4, 38.76802444458008
40.2, 39.45370101928711
10.6, 11.535958290100098
33.0, 32.96384811401367
24.6, 27.116979598999023
27.4, 28.51105308532715
28.6, 21.379396438598633
27.6, 27.986852645874023
34.2, 35.87827682495117
30.8, 33.81440353393555
21.4, 25.17519187927246
12.6, 14.534854888916016
18.2, 17.355287551879883
36.4, 35.70773696899414
34.2, 31.980321884155273
24.0, 25.7887020111084
36.6, 33.971683502197266
18.0, 19.488142013549805
19.4, 13.8923921585083
16.4, 14.0711030960083
38.4, 38.74446487426758
40.2, 39.46675491333008
10.6, 11.497159004211426
33.0, 33.00824737548828
24.6, 27.13594627380371
27.4, 28.49098014831543
28.6, 21.467748641967773
27.6, 28.018835067749023
34.2, 35.84104919433594
30.8, 33.745147705078125
21.4, 25.156265258789062
12.6, 14.501587867736816
18.2, 17.302091598510742
36.4, 35.63029479980469
34.2, 31.98884391784668
24.0, 25.788129806518555
36.6, 34.05236053466797
18.0, 19.47096061706543
19.4, 13.951468467712402
16.4, 14.099034309387207
38.4, 38.76690673828125
40.2, 39.50276184082031
10.6, 11.459918975830078
33.0, 33.104095458984375
24.6, 27.162765502929688
27.4, 28.34130096435547
28.6, 21.490116119384766
27.6, 28.04589080810547
34.2, 35.826454162597656
30.8, 33.62834930419922
21.4, 25.127410888671875
12.6, 14.456866264343262
18.2, 17.227108001708984
36.4, 35.57152557373047
34.2, 31.942527770996094
24.0, 25.79662322998047
36.6, 34.08552551269531
18.0, 19.47425079345703
19.4, 14.017082214355469
16.4, 14.133537292480469
38.4, 38.815452575683594
40.2, 39.58849334716797
10.6, 11.438581466674805
33.0, 33.221717834472656
24.6, 27.193132400512695
27.4, 28.219324111938477
28.6, 21.504343032836914
27.6, 28.056543350219727
34.2, 35.77375030517578
30.8, 33.5031623840332
21.4, 25.066789627075195
12.6, 14.424060821533203
18.2, 17.195688247680664
36.4, 35.513450622558594
34.2, 31.92204475402832
24.0, 25.79283332824707
36.6, 34.08543395996094
18.0, 19.48478126525879
19.4, 14.078798294067383
16.4, 14.168462753295898
38.4, 38.91230392456055
40.2, 39.68657302856445
10.6, 11.429076194763184
33.0, 33.31028366088867
24.6, 27.2340030670166
27.4, 28.140466690063477
28.6, 21.521337509155273
27.6, 28.059528350830078
34.2, 35.6901741027832
30.8, 33.39479446411133
21.4, 24.996105194091797
12.6, 14.404598236083984
18.2, 17.19882583618164
36.4, 35.48909378051758
34.2, 31.932170867919922
24.0, 25.802082061767578
36.6, 34.09148025512695
18.0, 19.498641967773438
19.4, 14.129412651062012
16.4, 14.20057201385498
38.4, 38.9858512878418
40.2, 39.742374420166016
10.6, 11.424068450927734
33.0, 33.38576126098633
24.6, 27.266841888427734
27.4, 28.068248748779297
28.6, 21.53982162475586
27.6, 28.051929473876953
34.2, 35.60234451293945
30.8, 33.29122543334961
21.4, 24.92475700378418
12.6, 14.387839317321777
18.2, 17.20559310913086
36.4, 35.47214889526367
34.2, 31.943370819091797
24.0, 25.815792083740234
36.6, 34.10079574584961
18.0, 19.51266860961914
19.4, 14.174897193908691
16.4, 14.231024742126465
38.4, 39.03547286987305
40.2, 39.78313064575195
10.6, 11.421924591064453
33.0, 33.46738815307617
24.6, 27.305654525756836
27.4, 27.99537467956543
28.6, 21.561708450317383
27.6, 28.04388999938965
34.2, 35.53086853027344
30.8, 33.192352294921875
21.4, 24.85322380065918
12.6, 14.370970726013184
18.2, 17.206266403198242
36.4, 35.436866760253906
34.2, 31.945493698120117
24.0, 25.810834884643555
36.6, 34.08649444580078
18.0, 19.5179386138916
19.4, 14.219625473022461
16.4, 14.259610176086426
38.4, 39.09449768066406
40.2, 39.84638214111328
10.6, 11.42374324798584
33.0, 33.54588317871094
24.6, 27.356246948242188
27.4, 27.940673828125
28.6, 21.58890151977539
27.6, 28.0465087890625
34.2, 35.471588134765625
30.8, 33.10302734375
21.4, 24.77881622314453
12.6, 14.356039047241211
18.2, 17.20880126953125
36.4, 35.391990661621094
34.2, 31.945938110351562
24.0, 25.793975830078125
36.6, 34.057273864746094
18.0, 19.516353607177734
19.4, 14.261058807373047
16.4, 14.286643981933594
38.4, 39.157676696777344
40.2, 39.91681671142578
10.6, 11.428718566894531
33.0, 33.62150573730469
24.6, 27.41240119934082
27.4, 27.898210525512695
28.6, 21.618722915649414
27.6, 28.046030044555664
34.2, 35.41618347167969
30.8, 33.01780319213867
21.4, 24.704744338989258
12.6, 14.342412948608398
18.2, 17.21233558654785
36.4, 35.344818115234375
34.2, 31.944612503051758
24.0, 25.770845413208008
36.6, 34.021270751953125
18.0, 19.510393142700195
19.4, 14.298711776733398
16.4, 14.311626434326172
38.4, 39.21767807006836
40.2, 39.98855972290039
10.6, 11.43526840209961
33.0, 33.69345474243164
24.6, 27.471012115478516
27.4, 27.86416244506836
28.6, 21.650426864624023
27.6, 28.041934967041016
34.2, 35.36825942993164
30.8, 32.936527252197266
21.4, 24.634441375732422
12.6, 14.330142974853516
18.2, 17.21656036376953
36.4, 35.29860305786133
34.2, 31.942073822021484
24.0, 25.742679595947266
36.6, 33.98049545288086
18.0, 19.499568939208984
19.4, 14.33249568939209
16.4, 14.331640243530273
38.4, 39.27085494995117
40.2, 40.06196212768555
10.6, 11.442229270935059
33.0, 33.75752639770508
24.6, 27.529850006103516
27.4, 27.837162017822266
28.6, 21.68402099609375
27.6, 28.037166595458984
34.2, 35.33223342895508
30.8, 32.86225509643555
21.4, 24.571043014526367
12.6, 14.319891929626465
18.2, 17.22247886657715
36.4, 35.25723648071289
34.2, 31.939777374267578
24.0, 25.708980560302734
36.6, 33.936100006103516
18.0, 19.483945846557617
19.4, 14.361538887023926
16.4, 14.346936225891113
38.4, 39.3134651184082
40.2, 40.131954193115234
10.6, 11.44860553741455
33.0, 33.8109130859375
24.6, 27.58711051940918
27.4, 27.81508445739746
28.6, 21.71950340270996
27.6, 28.033056259155273
34.2, 35.309303283691406
30.8, 32.79624938964844
21.4, 24.518356323242188
12.6, 14.311596870422363
18.2, 17.2302303314209
36.4, 35.222312927246094
34.2, 31.936864852905273
24.0, 25.666425704956055
36.6, 33.889320373535156
18.0, 19.46404457092285
19.4, 14.38685131072998
16.4, 14.359007835388184
38.4, 39.345008850097656
40.2, 40.19761657714844
10.6, 11.453828811645508
33.0, 33.85810089111328
24.6, 27.64007568359375
27.4, 27.795692443847656
28.6, 21.754558563232422
27.6, 28.03215789794922
34.2, 35.29651641845703
30.8, 32.73628234863281
21.4, 24.474098205566406
12.6, 14.304404258728027
18.2, 17.2391357421875
36.4, 35.191650390625
34.2, 31.9329833984375
24.0, 25.61009979248047
36.6, 33.844322204589844
18.0, 19.44329833984375
19.4, 14.411698341369629
16.4, 14.370186805725098
38.4, 39.37562561035156
40.2, 40.269187927246094
10.6, 11.458853721618652
33.0, 33.901031494140625
24.6, 27.690149307250977
27.4, 27.779436111450195
28.6, 21.788583755493164
27.6, 28.0318546295166
34.2, 35.288631439208984
30.8, 32.678829193115234
21.4, 24.433237075805664
12.6, 14.297945976257324
18.2, 17.248456954956055
36.4, 35.16300582885742
34.2, 31.92759895324707
24.0, 25.550264358520508
36.6, 33.798648834228516
18.0, 19.421995162963867
19.4, 14.43498420715332
16.4, 14.380721092224121
38.4, 39.40410232543945
40.2, 40.3436164855957
10.6, 11.463520050048828
33.0, 33.93918228149414
24.6, 27.738239288330078
27.4, 27.766300201416016
28.6, 21.821983337402344
27.6, 28.029827117919922
34.2, 35.28469467163086
30.8, 32.6244010925293
21.4, 24.395572662353516
12.6, 14.292594909667969
18.2, 17.258590698242188
36.4, 35.13618087768555
34.2, 31.921276092529297
24.0, 25.49111557006836
36.6, 33.751338958740234
18.0, 19.400245666503906
19.4, 14.456588745117188
16.4, 14.390244483947754
38.4, 39.427677154541016
40.2, 40.418941497802734
10.6, 11.467375755310059
33.0, 33.971187591552734
24.6, 27.783559799194336
27.4, 27.7559871673584
28.6, 21.855844497680664
27.6, 28.02663230895996
34.2, 35.287322998046875
30.8, 32.57527160644531
21.4, 24.364164352416992
12.6, 14.28921890258789
18.2, 17.270612716674805
36.4, 35.11447525024414
34.2, 31.91438102722168
24.0, 25.43379020690918
36.6, 33.70108413696289
18.0, 19.37888526916504
19.4, 14.475427627563477
16.4, 14.39852523803711
38.4, 39.44263458251953
40.2, 40.48968505859375
10.6, 11.470192909240723
33.0, 33.998573303222656
24.6, 27.826950073242188
27.4, 27.748939514160156
28.6, 21.891490936279297
27.6, 28.021507263183594
34.2, 35.29705810546875
30.8, 32.53387451171875
21.4, 24.34123992919922
12.6, 14.289051055908203
18.2, 17.288616180419922
36.4, 35.10682678222656
34.2, 31.912353515625
24.0, 25.385902404785156
36.6, 33.653831481933594
18.0, 19.361759185791016
19.4, 14.48870849609375
16.4, 14.40523910522461
38.4, 39.441001892089844
40.2, 40.53815460205078
10.6, 11.471436500549316
33.0, 34.02384948730469
24.6, 27.869234085083008
27.4, 27.74448585510254
28.6, 21.93019676208496
27.6, 28.00628089904785
34.2, 35.30952453613281
30.8, 32.50209045410156
21.4, 24.331270217895508
12.6, 14.292884826660156
18.2, 17.313032150268555
36.4, 35.10710906982422
34.2, 31.90915870666504
24.0, 25.342065811157227
36.6, 33.59992218017578
18.0, 19.346410751342773
19.4, 14.497819900512695
16.4, 14.410673141479492
38.4, 39.428462982177734
40.2, 40.572750091552734
10.6, 11.470965385437012
33.0, 34.050289154052734
24.6, 27.91036605834961
27.4, 27.74319076538086
28.6, 21.970439910888672
27.6, 27.990299224853516
34.2, 35.32285690307617
30.8, 32.47434616088867
21.4, 24.323139190673828
12.6, 14.29721450805664
18.2, 17.33716583251953
36.4, 35.10092544555664
34.2, 31.90274429321289
24.0, 25.299724578857422
36.6, 33.54056167602539
18.0, 19.329631805419922
19.4, 14.508182525634766
16.4, 14.417163848876953
38.4, 39.4236946105957
40.2, 40.61630630493164
10.6, 11.468979835510254
33.0, 34.07547378540039
24.6, 27.949979782104492
27.4, 27.744253158569336
28.6, 22.008760452270508
27.6, 27.987226486206055
34.2, 35.330867767333984
30.8, 32.442264556884766
21.4, 24.302709579467773
12.6, 14.298755645751953
18.2, 17.354116439819336
36.4, 35.08383560180664
34.2, 31.8961238861084
24.0, 25.26087760925293
36.6, 33.483882904052734
18.0, 19.31394386291504
19.4, 14.51841926574707
16.4, 14.426300048828125
38.4, 39.433631896972656
40.2, 40.66920471191406
10.6, 11.465336799621582
33.0, 34.096954345703125
24.6, 27.988182067871094
27.4, 27.646202087402344
28.6, 21.21503257751465
27.6, 28.04601287841797
34.2, 35.479339599609375
30.8, 32.59181213378906
21.4, 24.452980041503906
12.6, 14.358612060546875
18.2, 17.478466033935547
36.4, 35.24745178222656
34.2, 31.99768829345703
24.0, 25.247848510742188
36.6, 33.37397766113281
18.0, 19.242080688476562
19.4, 14.480430603027344
16.4, 14.39366340637207
38.4, 39.30574035644531
40.2, 40.53697204589844
10.6, 11.43958568572998
33.0, 33.97083282470703
24.6, 28.016298294067383
27.4, 27.78898048400879
28.6, 22.12727165222168
27.6, 28.049501419067383
34.2, 35.445777893066406
30.8, 32.508209228515625
21.4, 24.35068702697754
12.6, 14.330621719360352
18.2, 17.432424545288086
36.4, 35.122352600097656
34.2, 31.930429458618164
24.0, 25.199487686157227
36.6, 33.34349060058594
18.0, 19.2468204498291
19.4, 14.515069007873535
16.4, 14.421875
38.4, 39.37123489379883
40.2, 40.68111038208008
10.6, 11.435455322265625
33.0, 34.0736198425293
24.6, 28.05252456665039
27.4, 27.745502471923828
28.6, 22.1387996673584
27.6, 28.024349212646484
34.2, 35.4170036315918
30.8, 32.41535568237305
21.4, 24.310070037841797
12.6, 14.31403636932373
18.2, 17.405555725097656
36.4, 35.09322738647461
34.2, 31.895381927490234
24.0, 25.192867279052734
36.6, 33.33944320678711
18.0, 19.247024536132812
19.4, 14.52595043182373
16.4, 14.436613082885742
38.4, 39.355648040771484
40.2, 40.72653579711914
10.6, 11.42603588104248
33.0, 34.10996627807617
24.6, 28.078237533569336
27.4, 27.729328155517578
28.6, 22.168792724609375
27.6, 28.021726608276367
34.2, 35.43586349487305
30.8, 32.3890495300293
21.4, 24.309431076049805
12.6, 14.315340995788574
18.2, 17.411237716674805
36.4, 35.08445358276367
34.2, 31.880374908447266
24.0, 25.16727066040039
36.6, 33.29159164428711
18.0, 19.2229061126709
19.4, 14.524392127990723
16.4, 14.44223403930664
38.4, 39.32958221435547
40.2, 40.75514221191406
10.6, 11.416189193725586
33.0, 34.114715576171875
24.6, 28.103294372558594
27.4, 27.73512077331543
28.6, 22.206342697143555
27.6, 28.032028198242188
34.2, 35.474761962890625
30.8, 32.38685607910156
21.4, 24.314971923828125
12.6, 14.322159767150879
18.2, 17.427955627441406
36.4, 35.08654022216797
34.2, 31.877485275268555
24.0, 25.141965866088867
36.6, 33.24090576171875
18.0, 19.194599151611328
19.4, 14.519923210144043
16.4, 14.445316314697266
38.4, 39.295936584472656
40.2, 40.7703857421875
10.6, 11.40483570098877
33.0, 34.117591857910156
24.6, 28.121803283691406
27.4, 27.735862731933594
28.6, 22.24123764038086
27.6, 28.042261123657227
34.2, 35.509918212890625
30.8, 32.385520935058594
21.4, 24.32225227355957
12.6, 14.32898998260498
18.2, 17.444124221801758
36.4, 35.08738708496094
34.2, 31.875152587890625
24.0, 25.107223510742188
36.6, 33.17179870605469
18.0, 19.15496253967285
19.4, 14.509171485900879
16.4, 14.443025588989258
38.4, 39.27292251586914
40.2, 40.76679611206055
10.6, 11.394614219665527
33.0, 34.12221908569336
24.6, 28.155893325805664
27.4, 27.748422622680664
28.6, 22.285608291625977
27.6, 28.055965423583984
34.2, 35.53081130981445
30.8, 32.39542770385742
21.4, 24.316295623779297
12.6, 14.33457088470459
18.2, 17.45663833618164
36.4, 35.07637405395508
34.2, 31.8911075592041
24.0, 25.080659866333008
36.6, 33.127742767333984
18.0, 19.12765884399414
19.4, 14.506617546081543
16.4, 14.445098876953125
38.4, 39.27180862426758
40.2, 40.77256393432617
10.6, 11.38525104522705
33.0, 34.13924026489258
24.6, 28.18672752380371
27.4, 27.743541717529297
28.6, 22.32433319091797
27.6, 28.070363998413086
34.2, 35.545894622802734
30.8, 32.39021682739258
21.4, 24.309965133666992
12.6, 14.335576057434082
18.2, 17.45831871032715
36.4, 35.066707611083984
34.2, 31.897708892822266
24.0, 25.060733795166016
36.6, 33.09616470336914
18.0, 19.10480308532715
19.4, 14.503262519836426
16.4, 14.447578430175781
38.4, 39.25776672363281
40.2, 40.77356719970703
10.6, 11.375365257263184
33.0, 34.16204071044922
24.6, 28.215377807617188
27.4, 27.73653221130371
28.6, 22.362703323364258
27.6, 28.08837890625
34.2, 35.56749725341797
30.8, 32.387107849121094
21.4, 24.310516357421875
12.6, 14.336874961853027
18.2, 17.460025787353516
36.4, 35.059295654296875
34.2, 31.89948844909668
24.0, 25.039091110229492
36.6, 33.06098175048828
18.0, 19.079570770263672
19.4, 14.49659252166748
16.4, 14.448728561401367
38.4, 39.238731384277344
40.2, 40.770347595214844
10.6, 11.365745544433594
33.0, 34.181495666503906
24.6, 28.244462966918945
27.4, 27.737375259399414
28.6, 22.40396499633789
27.6, 28.104578018188477
34.2, 35.58882141113281
30.8, 32.39479064941406
21.4, 24.310808181762695
12.6, 14.340985298156738
18.2, 17.470380783081055
36.4, 35.050376892089844
34.2, 31.91168212890625
24.0, 25.011390686035156
36.6, 33.015846252441406
18.0, 19.048917770385742
19.4, 14.485772132873535
16.4, 14.449188232421875
38.4, 39.24070358276367
40.2, 40.76431655883789
10.6, 11.355694770812988
33.0, 34.188358306884766
24.6, 28.28110122680664
27.4, 27.749195098876953
28.6, 22.447959899902344
27.6, 28.110172271728516
34.2, 35.59733963012695
30.8, 32.40764236450195
21.4, 24.303707122802734
12.6, 14.345549583435059
18.2, 17.483333587646484
36.4, 35.037899017333984
34.2, 31.929536819458008
24.0, 24.984338760375977
36.6, 32.97420120239258
18.0, 19.018646240234375
19.4, 14.474432945251465
16.4, 14.4500732421875
38.4, 39.24788284301758
40.2, 40.75533676147461
10.6, 11.343262672424316
33.0, 34.1959342956543
24.6, 28.318387985229492
27.4, 27.75592613220215
28.6, 22.491376876831055
27.6, 28.115476608276367
34.2, 35.60763931274414
30.8, 32.41530227661133
21.4, 24.2999324798584
12.6, 14.346782684326172
18.2, 17.48747444152832
36.4, 35.025211334228516
34.2, 31.938335418701172
24.0, 24.962858200073242
36.6, 32.94479751586914
18.0, 18.99245262145996
19.4, 14.464783668518066
16.4, 14.450794219970703
38.4, 39.238670349121094
40.2, 40.743812561035156
10.6, 11.32892894744873
33.0, 34.21183776855469
24.6, 28.353492736816406
27.4, 27.75446319580078
28.6, 22.534584045410156
27.6, 28.12500762939453
34.2, 35.62486267089844
30.8, 32.42475891113281
21.4, 24.300025939941406
12.6, 14.347448348999023
18.2, 17.490737915039062
36.4, 35.01094055175781
34.2, 31.947303771972656
24.0, 24.939605712890625
36.6, 32.914520263671875
18.0, 18.965190887451172
19.4, 14.454524040222168
16.4, 14.451316833496094
38.4, 39.23707580566406
40.2, 40.73230743408203
10.6, 11.314332962036133
33.0, 34.225067138671875
24.6, 28.390329360961914
27.4, 27.75589942932129
28.6, 22.57806968688965
27.6, 28.130266189575195
34.2, 35.63848876953125
30.8, 32.43247985839844
21.4, 24.300203323364258
12.6, 14.346904754638672
18.2, 17.4921817779541
36.4, 34.997825622558594
34.2, 31.952890396118164
24.0, 24.92022132873535
36.6, 32.89214324951172
18.0, 18.94095802307129
19.4, 14.444540023803711
16.4, 14.45150375366211
38.4, 39.2254524230957
40.2, 40.71707534790039
10.6, 11.299599647521973
33.0, 34.24294662475586
24.6, 28.425121307373047
27.4, 27.75308609008789
28.6, 22.620960235595703
27.6, 28.136043548583984
34.2, 35.655033111572266
30.8, 32.44124221801758
21.4, 24.30276107788086
12.6, 14.346529006958008
18.2, 17.494728088378906
36.4, 34.98476791381836
34.2, 31.95920181274414
24.0, 24.899799346923828
36.6, 32.86893081665039
18.0, 18.916114807128906
19.4, 14.433773040771484
16.4, 14.451276779174805
38.4, 39.21928787231445
40.2, 40.702266693115234
10.6, 11.285319328308105
33.0, 34.25595474243164
24.6, 28.460256576538086
27.4, 27.75355339050293
28.6, 22.663663864135742
27.6, 28.139074325561523
34.2, 35.669525146484375
30.8, 32.44947814941406
21.4, 24.305112838745117
12.6, 14.345560073852539
18.2, 17.49660301208496
36.4, 34.97249984741211
34.2, 31.96357536315918
24.0, 24.88075065612793
36.6, 32.85078811645508
18.0, 18.89336585998535
19.4, 14.423463821411133
16.4, 14.450830459594727
38.4, 39.20799255371094
40.2, 40.687095642089844
10.6, 11.271105766296387
33.0, 34.26908874511719
24.6, 28.493003845214844
27.4, 27.751968383789062
28.6, 22.705734252929688
27.6, 28.142906188964844
34.2, 35.68650817871094
30.8, 32.45878601074219
21.4, 24.309410095214844
12.6, 14.344806671142578
18.2, 17.499374389648438
36.4, 34.961082458496094
34.2, 31.968276977539062
24.0, 24.861122131347656
36.6, 32.831687927246094
18.0, 18.87060546875
19.4, 14.412532806396484
16.4, 14.450028419494629
38.4, 39.19970703125
40.2, 40.672325134277344
10.6, 11.257183074951172
33.0, 34.27840805053711
24.6, 28.5252628326416
27.4, 27.752939224243164
28.6, 22.74775505065918
27.6, 28.14560890197754
34.2, 35.70235061645508
30.8, 32.46767044067383
21.4, 24.3137149810791
12.6, 14.343696594238281
18.2, 17.50212287902832
36.4, 34.95050048828125
34.2, 31.971330642700195
24.0, 24.842485427856445
36.6, 32.81629943847656
18.0, 18.84950065612793
19.4, 14.401769638061523
16.4, 14.44913387298584
38.4, 39.18796157836914
40.2, 40.65712356567383
10.6, 11.243288040161133
33.0, 34.28670120239258
24.6, 28.555835723876953
27.4, 27.753345489501953
28.6, 22.789199829101562
27.6, 28.149372100830078
34.2, 35.72011947631836
30.8, 32.477413177490234
21.4, 24.319385528564453
12.6, 14.342551231384277
18.2, 17.505146026611328
36.4, 34.939884185791016
34.2, 31.973690032958984
24.0, 24.822994232177734
36.6, 32.8006706237793
18.0, 18.828792572021484
19.4, 14.39072036743164
16.4, 14.448121070861816
38.4, 39.178401947021484
40.2, 40.64303970336914
10.6, 11.229694366455078
33.0, 34.292724609375
24.6, 28.586164474487305
27.4, 27.755102157592773
28.6, 22.830625534057617
27.6, 28.15205192565918
34.2, 35.73662567138672
30.8, 32.48628234863281
21.4, 24.32501983642578
12.6, 14.341038703918457
18.2, 17.508020401000977
36.4, 34.93009948730469
34.2, 31.974645614624023
24.0, 24.804189682006836
36.6, 32.787681579589844
18.0, 18.809499740600586
19.4, 14.379916191101074
16.4, 14.447068214416504
38.4, 39.16722869873047
40.2, 40.629478454589844
10.6, 11.21615219116211
33.0, 34.298187255859375
24.6, 28.614717483520508
27.4, 27.755884170532227
28.6, 22.871089935302734
27.6, 28.155031204223633
34.2, 35.753807067871094
30.8, 32.49530029296875
21.4, 24.331148147583008
12.6, 14.339367866516113
18.2, 17.51102066040039
36.4, 34.920989990234375
34.2, 31.975173950195312
24.0, 24.784896850585938
36.6, 32.92155456542969
18.0, 18.419795989990234
19.4, 13.967408180236816
16.4, 13.91297435760498
38.4, 36.225868225097656
40.2, 36.94574737548828
10.6, 10.599905014038086
33.0, 29.8192138671875
24.6, 25.38938331604004
27.4, 25.417116165161133
28.6, 21.737215042114258
27.6, 26.896982192993164
34.2, 33.93540954589844
30.8, 31.454370498657227
21.4, 23.67894172668457
12.6, 14.435323715209961
18.2, 18.235933303833008
36.4, 37.26300048828125
34.2, 34.16773986816406
24.0, 26.922182083129883
36.6, 36.001441955566406
18.0, 20.00203514099121
19.4, 14.952478408813477
16.4, 14.567150115966797
38.4, 38.78026580810547
40.2, 39.55355453491211
10.6, 10.93941879272461
33.0, 31.826921463012695
24.6, 26.931154251098633
27.4, 26.764184951782227
28.6, 22.511117935180664
27.6, 27.7796573638916
34.2, 35.02034378051758
30.8, 32.2885627746582
21.4, 24.322359085083008
12.6, 14.615076065063477
18.2, 18.529008865356445
36.4, 37.7302360534668
34.2, 34.43747329711914
