83.4, -16.107688903808594
11.6, 117.85814666748047
80.4, 403.040283203125
14.8, 136.81817626953125
12.6, 120.00714874267578
86.4, 127.0051040649414
78.8, 53.44721984863281
36.8, 21.234207153320312
14.8, 26.393310546875
52.8, 44.7396354675293
24.6, -23.57779312133789
32.0, -13.055814743041992
15.2, 27.586551666259766
10.4, 121.03873443603516
11.0, 43.265625
26.4, -34.64206314086914
28.4, -65.11341094970703
15.6, 3.2352664470672607
73.6, -102.7915267944336
10.0, 57.936767578125
83.4, 78.2323989868164
11.6, 101.30323028564453
80.4, 138.15054321289062
14.8, 97.22348022460938
12.6, 107.88306427001953
86.4, 183.63961791992188
78.8, 172.1682586669922
36.8, 101.54800415039062
14.8, 67.85253143310547
52.8, 68.3646469116211
24.6, 35.784461975097656
32.0, 29.22869873046875
15.2, 42.69813919067383
10.4, 118.7097396850586
11.0, 45.39950942993164
26.4, -31.575931549072266
28.4, -79.80480194091797
15.6, -13.170456886291504
73.6, -173.30300903320312
10.0, 46.709999084472656
83.4, -44.15385818481445
11.6, 94.4978256225586
80.4, 91.67546081542969
14.8, 90.43895721435547
12.6, 105.7476806640625
86.4, 200.5598602294922
78.8, 205.71945190429688
36.8, 118.24964141845703
14.8, 81.62239837646484
52.8, 77.25416564941406
24.6, 48.78493118286133
32.0, 40.484886169433594
15.2, 44.672569274902344
10.4, 120.8369369506836
11.0, 48.67711639404297
26.4, -19.6191349029541
28.4, -69.95488739013672
15.6, -11.052314758300781
73.6, -168.67503356933594
10.0, 47.22896957397461
83.4, -40.664695739746094
11.6, 93.95365142822266
80.4, 97.68743133544922
14.8, 85.9343032836914
12.6, 104.23750305175781
86.4, 203.50100708007812
78.8, 207.3813018798828
36.8, 129.99278259277344
14.8, 93.34715270996094
52.8, 85.32804107666016
24.6, 79.52464294433594
32.0, 72.2239761352539
15.2, 65.45610809326172
10.4, 124.74191284179688
11.0, 62.30533218383789
26.4, 28.07698631286621
28.4, -0.6455380320549011
15.6, 18.859363555908203
73.6, -72.70597839355469
10.0, 49.45328903198242
83.4, -23.203048706054688
11.6, 89.3400650024414
80.4, 57.17668151855469
14.8, 67.33319854736328
12.6, 79.50541687011719
86.4, 133.51437377929688
78.8, 147.63815307617188
36.8, 102.9461898803711
14.8, 82.62625885009766
52.8, 78.7464599609375
24.6, 78.38824462890625
32.0, 69.57449340820312
15.2, 63.7296028137207
10.4, 120.37582397460938
11.0, 62.22052001953125
26.4, 41.36437225341797
28.4, 29.99087142944336
15.6, 30.595579147338867
73.6, -23.38698959350586
10.0, 49.89140319824219
83.4, 2.25099778175354
11.6, 86.0552749633789
80.4, 50.0302734375
14.8, 58.96571350097656
12.6, 69.00965881347656
86.4, 106.57188415527344
78.8, 122.79032897949219
36.8, 91.15525817871094
14.8, 77.20105743408203
52.8, 73.76614379882812
24.6, 77.64787292480469
32.0, 69.45581817626953
15.2, 64.89502716064453
10.4, 117.67284393310547
11.0, 62.51577377319336
26.4, 50.616729736328125
28.4, 47.65028381347656
15.6, 36.70292282104492
73.6, 14.546008110046387
10.0, 47.180702209472656
83.4, 8.315794944763184
11.6, 81.83827209472656
80.4, 31.177488327026367
14.8, 48.45846939086914
12.6, 57.53239059448242
86.4, 83.36150360107422
78.8, 100.25489044189453
36.8, 81.83821868896484
14.8, 73.47571563720703
52.8, 72.56023406982422
24.6, 79.22374725341797
32.0, 72.31685638427734
15.2, 66.63484954833984
10.4, 115.58248901367188
11.0, 64.34461975097656
26.4, 61.51292419433594
28.4, 68.72843933105469
15.6, 51.67413330078125
73.6, 62.39533615112305
10.0, 49.41604232788086
83.4, 31.652006149291992
11.6, 78.31910705566406
80.4, 13.118160247802734
14.8, 38.25753402709961
12.6, 40.688453674316406
86.4, 33.56462097167969
78.8, 51.2379035949707
36.8, 58.14353561401367
14.8, 63.741634368896484
52.8, 68.01643371582031
24.6, 78.0362777709961
32.0, 74.85791778564453
15.2, 67.79143524169922
10.4, 112.69293975830078
11.0, 65.35779571533203
26.4, 78.34881591796875
28.4, 98.0881118774414
15.6, 66.52693939208984
73.6, 126.59696197509766
10.0, 49.67156219482422
83.4, 64.54119873046875
11.6, 74.52460479736328
80.4, -6.639013767242432
14.8, 21.58843231201172
12.6, 18.502553939819336
86.4, -19.591781616210938
78.8, -2.1977291107177734
36.8, 30.722379684448242
14.8, 51.082191467285156
52.8, 62.876895904541016
24.6, 69.80658721923828
32.0, 71.07123565673828
15.2, 66.45159912109375
10.4, 110.10474395751953
11.0, 66.65298461914062
26.4, 89.79122924804688
28.4, 112.93589782714844
15.6, 80.23069763183594
73.6, 164.5720977783203
10.0, 52.22702407836914
83.4, 91.8546142578125
11.6, 73.72415924072266
80.4, -7.94428825378418
14.8, 19.44326400756836
12.6, 14.666236877441406
86.4, -36.771881103515625
78.8, -15.433317184448242
36.8, 25.31032371520996
14.8, 45.19205856323242
52.8, 58.35783386230469
24.6, 62.10094451904297
32.0, 65.95492553710938
15.2, 63.191368103027344
10.4, 108.88478088378906
11.0, 64.00646209716797
26.4, 81.54615783691406
28.4, 102.35555267333984
15.6, 76.16487121582031
73.6, 156.55880737304688
10.0, 52.39664840698242
83.4, 116.51686096191406
11.6, 76.0866928100586
80.4, 29.97983169555664
14.8, 27.789077758789062
12.6, 21.33121681213379
86.4, -18.05154800415039
78.8, -11.55199909210205
36.8, 16.13247299194336
14.8, 39.24330520629883
52.8, 54.75144958496094
24.6, 44.45547103881836
32.0, 50.41704559326172
15.2, 52.84311294555664
10.4, 105.92778778076172
11.0, 55.91194534301758
26.4, 61.69991683959961
28.4, 66.9250259399414
15.6, 56.23562240600586
73.6, 89.5423812866211
10.0, 47.59025192260742
83.4, 76.21057891845703
11.6, 75.00318145751953
80.4, 44.32763671875
14.8, 37.33153533935547
12.6, 37.270477294921875
86.4, 32.078369140625
78.8, 42.228084564208984
36.8, 43.14828109741211
14.8, 47.072025299072266
52.8, 58.95832824707031
24.6, 50.731895446777344
32.0, 55.741966247558594
15.2, 53.35074234008789
10.4, 101.93545532226562
11.0, 52.458946228027344
26.4, 57.55291748046875
28.4, 59.010353088378906
15.6, 50.001033782958984
73.6, 79.33446502685547
10.0, 41.55242156982422
83.4, 69.5679931640625
11.6, 69.30850219726562
80.4, 46.4009895324707
14.8, 30.5852108001709
12.6, 33.01414108276367
86.4, 43.773094177246094
78.8, 51.53183364868164
36.8, 42.88623809814453
14.8, 43.0153923034668
52.8, 54.821678161621094
24.6, 48.9129753112793
32.0, 51.24485778808594
15.2, 48.78038024902344
10.4, 96.84222412109375
11.0, 46.756595611572266
26.4, 51.451934814453125
28.4, 56.580875396728516
15.6, 45.2752685546875
73.6, 83.23023986816406
10.0, 36.57773208618164
83.4, 70.9815444946289
11.6, 63.69388198852539
80.4, 40.50731658935547
14.8, 21.765893936157227
12.6, 23.794052124023438
86.4, 44.744197845458984
78.8, 55.800052642822266
36.8, 41.18838882446289
14.8, 41.19487762451172
52.8, 53.348087310791016
24.6, 51.12238311767578
32.0, 51.64638900756836
15.2, 47.9443359375
10.4, 93.25455474853516
11.0, 44.83119583129883
26.4, 56.28193283081055
28.4, 64.32616424560547
15.6, 47.44160461425781
73.6, 102.78898620605469
10.0, 34.46474075317383
83.4, 81.08094787597656
11.6, 59.565311431884766
80.4, 31.200197219848633
14.8, 13.671627044677734
12.6, 17.03879737854004
86.4, 33.450714111328125
78.8, 42.46888732910156
36.8, 31.65616226196289
14.8, 35.496826171875
52.8, 50.700927734375
24.6, 48.63764190673828
32.0, 49.339332580566406
15.2, 46.78007125854492
10.4, 90.9733657836914
11.0, 45.11968231201172
26.4, 60.441307067871094
28.4, 70.60868835449219
15.6, 53.23530578613281
73.6, 118.95838928222656
10.0, 35.50914764404297
83.4, 102.59720611572266
11.6, 58.578006744384766
80.4, 42.175743103027344
14.8, 13.93142318725586
12.6, 10.325061798095703
86.4, 4.736663818359375
78.8, 10.676124572753906
36.8, 15.779058456420898
14.8, 25.8325138092041
52.8, 44.96268844604492
24.6, 37.67576217651367
32.0, 40.95951843261719
15.2, 42.00358200073242
10.4, 88.09851837158203
11.0, 40.91413497924805
26.4, 59.13743209838867
28.4, 68.86902618408203
15.6, 52.7451057434082
73.6, 120.1673583984375
10.0, 35.696563720703125
83.4, 106.6989517211914
11.6, 57.05867385864258
80.4, 37.86879348754883
14.8, 15.702996253967285
12.6, 14.376824378967285
86.4, 14.86310863494873
78.8, 17.518857955932617
36.8, 18.352628707885742
14.8, 25.227731704711914
52.8, 47.329307556152344
24.6, 42.00658416748047
32.0, 44.726341247558594
15.2, 42.47950744628906
10.4, 85.3503189086914
11.0, 39.85158920288086
26.4, 61.7652473449707
28.4, 70.44607543945312
15.6, 51.54833984375
73.6, 124.45391082763672
10.0, 29.470579147338867
83.4, 108.60441589355469
11.6, 52.033206939697266
80.4, 25.9876766204834
14.8, 4.373087406158447
12.6, -0.30634140968322754
86.4, 14.145341873168945
78.8, 23.661510467529297
36.8, 18.723825454711914
14.8, 25.524553298950195
52.8, 47.14382553100586
24.6, 44.69759750366211
32.0, 46.567691802978516
15.2, 42.47935485839844
10.4, 84.8716049194336
11.0, 43.685752868652344
26.4, 60.76837921142578
28.4, 66.03903198242188
15.6, 52.41488265991211
73.6, 114.87726593017578
10.0, 35.962989807128906
83.4, 103.15274047851562
11.6, 56.140167236328125
80.4, 50.16323471069336
14.8, 18.860267639160156
12.6, 17.085195541381836
86.4, 26.99193000793457
78.8, 26.098526000976562
36.8, 19.4912166595459
14.8, 29.49430274963379
52.8, 49.10099792480469
24.6, 45.82379913330078
32.0, 43.36729431152344
15.2, 41.362857818603516
10.4, 83.592041015625
11.0, 42.13843536376953
26.4, 53.901485443115234
28.4, 61.82430648803711
15.6, 45.20426559448242
73.6, 96.54620361328125
10.0, 33.162071228027344
83.4, 84.31768035888672
11.6, 50.86240005493164
80.4, 73.92155456542969
14.8, 13.203441619873047
12.6, 11.6812162399292
86.4, 46.93355178833008
78.8, 37.84646987915039
36.8, 14.505232810974121
14.8, 18.962352752685547
52.8, 43.87809753417969
24.6, 31.74696159362793
32.0, 34.363590240478516
15.2, 32.6811408996582
10.4, 77.54045867919922
11.0, 34.7483024597168
26.4, 52.100006103515625
28.4, 57.620121002197266
15.6, 45.4024772644043
73.6, 107.38401794433594
10.0, 28.87128448486328
83.4, 98.59251403808594
11.6, 45.91141128540039
80.4, 60.057167053222656
14.8, 6.223058223724365
12.6, 3.0940332412719727
86.4, 32.05772399902344
78.8, 28.752737045288086
36.8, 8.400718688964844
14.8, 14.26138687133789
52.8, 42.88443374633789
24.6, 36.0246696472168
32.0, 40.737796783447266
15.2, 33.59849548339844
10.4, 74.99372863769531
11.0, 34.46780014038086
26.4, 61.24018859863281
28.4, 69.6608657836914
15.6, 51.94230270385742
73.6, 135.32749938964844
10.0, 27.83098030090332
83.4, 111.25706481933594
11.6, 43.46104431152344
80.4, 46.23258972167969
14.8, -3.79835844039917
12.6, -8.376534461975098
86.4, 9.896930694580078
78.8, 10.547021865844727
36.8, 3.911789894104004
14.8, 12.65117073059082
52.8, 42.37274932861328
24.6, 33.94699478149414
32.0, 40.76362991333008
15.2, 34.78929901123047
10.4, 74.72542572021484
11.0, 39.315711975097656
26.4, 61.98944091796875
28.4, 72.1372299194336
15.6, 57.05036163330078
73.6, 139.30075073242188
10.0, 33.05083465576172
83.4, 128.60525512695312
11.6, 49.602027893066406
80.4, 54.7734489440918
14.8, 12.078027725219727
12.6, 5.6723551750183105
86.4, 16.18240737915039
78.8, 15.866230964660645
36.8, 7.929322719573975
14.8, 17.65988540649414
52.8, 41.601375579833984
24.6, 27.943790435791016
32.0, 31.721576690673828
15.2, 32.79047393798828
10.4, 74.91341400146484
11.0, 34.67167282104492
26.4, 51.41281509399414
28.4, 53.82600402832031
15.6, 45.930145263671875
73.6, 92.4124526977539
10.0, 29.60554313659668
83.4, 103.35955047607422
11.6, 49.6283073425293
80.4, 83.02685546875
14.8, 15.226587295532227
12.6, 9.03577995300293
86.4, 54.757476806640625
78.8, 34.99277114868164
36.8, 0.6460983753204346
14.8, 8.035333633422852
52.8, 36.88731384277344
24.6, 18.531635284423828
32.0, 20.244718551635742
15.2, 23.292695999145508
10.4, 70.68521118164062
11.0, 30.280981063842773
26.4, 43.389129638671875
28.4, 38.863407135009766
15.6, 42.372947692871094
73.6, 98.1029052734375
10.0, 26.763965606689453
83.4, 126.76217651367188
11.6, 46.77182388305664
80.4, 90.20457458496094
14.8, 13.86458969116211
12.6, 8.293155670166016
86.4, 41.548912048339844
78.8, 21.446226119995117
36.8, -0.5760710835456848
14.8, -3.7242724895477295
52.8, 35.12098693847656
24.6, 8.648236274719238
32.0, 13.397046089172363
15.2, 18.499528884887695
10.4, 65.95590209960938
11.0, 25.39925765991211
26.4, 38.11540603637695
28.4, 35.65424346923828
15.6, 40.523067474365234
73.6, 99.59083557128906
10.0, 27.09984588623047
83.4, 137.33480834960938
11.6, 43.822166442871094
80.4, 107.61482238769531
14.8, 20.239913940429688
12.6, 13.201482772827148
86.4, 47.72340393066406
78.8, 36.47303009033203
36.8, -4.849300861358643
14.8, -11.217278480529785
52.8, 27.522192001342773
24.6, -5.981201648712158
32.0, -0.2824883759021759
15.2, 9.43280029296875
10.4, 62.55949020385742
11.0, 17.438566207885742
26.4, 10.740899085998535
28.4, 2.082094669342041
15.6, 22.021629333496094
73.6, 49.99239730834961
10.0, 28.15745735168457
83.4, 132.98385620117188
11.6, 47.496578216552734
80.4, 141.0351104736328
14.8, 48.049068450927734
12.6, 40.49005126953125
86.4, 98.70845794677734
78.8, 73.9738998413086
36.8, 19.807615280151367
14.8, 14.665839195251465
52.8, 31.853002548217773
24.6, -2.326859474182129
32.0, 6.801543235778809
15.2, 15.710865020751953
10.4, 63.8256950378418
11.0, 21.849578857421875
26.4, -2.1645543575286865
28.4, -10.230411529541016
15.6, 12.571701049804688
73.6, 3.31661319732666
10.0, 29.434295654296875
83.4, 112.70262145996094
11.6, 50.678489685058594
80.4, 108.69754028320312
14.8, 57.31696701049805
12.6, 55.97165298461914
86.4, 97.18634796142578
78.8, 87.76115417480469
36.8, 54.103965759277344
14.8, 37.33143997192383
52.8, 41.86720275878906
24.6, 35.192073822021484
32.0, 25.975364685058594
15.2, 27.84525489807129
10.4, 61.635459899902344
11.0, 23.382720947265625
26.4, 9.737410545349121
28.4, -1.1282306909561157
15.6, 6.33837366104126
73.6, -1.0781821012496948
10.0, 22.560197830200195
83.4, 64.87088012695312
11.6, 44.05169677734375
80.4, 77.22892761230469
14.8, 51.17131042480469
12.6, 57.360843658447266
86.4, 111.6053695678711
78.8, 102.2608871459961
36.8, 68.44947052001953
14.8, 47.56550979614258
52.8, 44.85658645629883
24.6, 48.213382720947266
32.0, 39.95643997192383
15.2, 33.506141662597656
10.4, 60.2858772277832
11.0, 25.04932403564453
26.4, 15.466944694519043
28.4, 10.414051055908203
15.6, 8.19533920288086
73.6, 6.867515563964844
10.0, 19.358078002929688
83.4, 49.41233444213867
11.6, 40.65018844604492
80.4, 79.07320404052734
14.8, 51.76605224609375
12.6, 59.14699172973633
86.4, 100.96793365478516
78.8, 102.13636016845703
36.8, 78.49624633789062
14.8, 58.021080017089844
52.8, 48.1488037109375
24.6, 62.29087448120117
32.0, 57.503395080566406
15.2, 45.02802276611328
10.4, 57.77497482299805
11.0, 29.372915267944336
26.4, 32.25153732299805
28.4, 37.85047912597656
15.6, 19.860218048095703
73.6, 24.471702575683594
10.0, 17.563125610351562
83.4, 29.232057571411133
11.6, 32.52787399291992
80.4, 44.595191955566406
14.8, 35.23687744140625
12.6, 42.674991607666016
86.4, 88.30315399169922
78.8, 95.46668243408203
36.8, 71.05083465576172
14.8, 46.702571868896484
52.8, 45.6923942565918
24.6, 61.57148742675781
32.0, 50.391448974609375
15.2, 38.272056579589844
10.4, 51.63191604614258
11.0, 18.840198516845703
26.4, 38.313499450683594
28.4, 41.08803939819336
15.6, 13.165792465209961
73.6, 49.765228271484375
10.0, 8.478483200073242
83.4, 63.100868225097656
11.6, 23.91958236694336
80.4, 64.72435760498047
14.8, 23.80889129638672
12.6, 31.896963119506836
86.4, 80.47920227050781
78.8, 78.54785919189453
36.8, 55.1563606262207
14.8, 25.297433853149414
52.8, 39.76060104370117
24.6, 47.897056579589844
32.0, 43.765560150146484
15.2, 33.034603118896484
10.4, 46.722923278808594
11.0, 14.034400939941406
26.4, 43.90678405761719
28.4, 53.64463806152344
15.6, 20.025455474853516
73.6, 102.3174819946289
10.0, 0.616222620010376
83.4, 37.45901107788086
11.6, 15.26706600189209
80.4, 52.767948150634766
14.8, 6.984145641326904
12.6, 20.4345760345459
86.4, 92.9033203125
78.8, 87.4727554321289
36.8, 48.14521026611328
14.8, 21.658109664916992
52.8, 38.5040168762207
24.6, 41.66795349121094
32.0, 38.05854034423828
15.2, 28.893985748291016
10.4, 44.11112594604492
11.0, 14.975625991821289
26.4, 41.809326171875
28.4, 52.4197883605957
15.6, 26.930866241455078
73.6, 100.6645736694336
10.0, 8.066269874572754
83.4, 94.55464172363281
11.6, 16.065425872802734
80.4, 39.72484588623047
14.8, -1.3472073078155518
12.6, 0.7036290168762207
86.4, 45.19899368286133
78.8, 50.66656494140625
36.8, 25.81791877746582
14.8, 3.0916295051574707
52.8, 35.99824142456055
24.6, 27.544034957885742
32.0, 29.42524528503418
15.2, 22.32832145690918
10.4, 42.73008728027344
11.0, 15.836318016052246
26.4, 46.40701675415039
28.4, 53.913185119628906
15.6, 34.60589599609375
73.6, 107.10282897949219
10.0, 14.895171165466309
83.4, 103.27124786376953
11.6, 19.008825302124023
80.4, 68.44841766357422
14.8, 7.103768348693848
12.6, 6.025417804718018
86.4, 71.95020294189453
78.8, 67.4912109375
36.8, 15.144205093383789
14.8, -12.265768051147461
52.8, 30.62044334411621
24.6, 6.845737934112549
32.0, 7.130860805511475
15.2, 9.535696029663086
10.4, 40.47315979003906
11.0, 14.339986801147461
26.4, 31.792387008666992
28.4, 31.976016998291016
15.6, 29.565893173217773
73.6, 96.96662139892578
10.0, 20.41952133178711
83.4, 106.89179229736328
11.6, 21.84368324279785
80.4, 104.4502944946289
14.8, 19.395492553710938
12.6, 15.66962718963623
86.4, 67.87982940673828
78.8, 60.165306091308594
36.8, 6.052350044250488
14.8, -13.391525268554688
52.8, 27.77747917175293
24.6, -6.593061447143555
32.0, -4.921963214874268
15.2, 1.6629139184951782
10.4, 38.717376708984375
11.0, 5.723010540008545
26.4, 16.7639102935791
28.4, 0.7812813520431519
15.6, 21.114490509033203
73.6, 63.15067672729492
10.0, 24.749467849731445
83.4, 148.24041748046875
11.6, 30.96961784362793
80.4, 129.62210083007812
14.8, 44.64592742919922
12.6, 39.810428619384766
86.4, 82.74752044677734
78.8, 62.53417205810547
36.8, 17.925626754760742
14.8, 6.847830295562744
52.8, 30.0507755279541
24.6, -0.4162028133869171
32.0, 3.398468017578125
15.2, 6.178484916687012
10.4, 40.887638092041016
11.0, 8.099505424499512
26.4, -2.5119376182556152
28.4, -14.643256187438965
15.6, 11.364266395568848
73.6, 14.21938419342041
10.0, 23.256481170654297
83.4, 109.76611328125
11.6, 37.69721984863281
80.4, 118.49271392822266
14.8, 56.655914306640625
12.6, 56.978057861328125
86.4, 110.02263641357422
78.8, 90.09576416015625
36.8, 42.256004333496094
14.8, 30.570327758789062
52.8, 39.25407409667969
24.6, 22.553043365478516
32.0, 21.898664474487305
15.2, 24.87512969970703
10.4, 42.44375991821289
11.0, 18.932899475097656
26.4, 8.025291442871094
28.4, -3.8796334266662598
15.6, 13.181130409240723
73.6, 1.9471406936645508
10.0, 20.833778381347656
83.4, 67.00609588623047
11.6, 30.923561096191406
80.4, 87.31214141845703
14.8, 57.77735900878906
12.6, 69.5799789428711
86.4, 106.90567779541016
78.8, 93.44448852539062
36.8, 72.10462188720703
14.8, 46.36190414428711
52.8, 44.11758804321289
24.6, 39.73870086669922
32.0, 25.567964553833008
15.2, 24.49582862854004
10.4, 37.896183013916016
11.0, 9.642274856567383
26.4, -6.731045722961426
28.4, -15.568039894104004
15.6, -1.0858384370803833
73.6, 10.197087287902832
10.0, 14.70429515838623
83.4, 123.7822036743164
11.6, 24.34256362915039
80.4, 62.0915412902832
14.8, 38.15519714355469
12.6, 44.157535552978516
86.4, 68.60604858398438
78.8, 84.09648132324219
36.8, 54.298763275146484
14.8, 44.079368591308594
52.8, 47.815181732177734
24.6, 54.97969055175781
32.0, 43.327064514160156
15.2, 38.17432403564453
10.4, 40.531211853027344
11.0, 22.176219940185547
26.4, 29.778011322021484
28.4, 39.77005386352539
15.6, 18.727563858032227
73.6, 37.97612762451172
10.0, 11.909513473510742
83.4, 24.549562454223633
11.6, 21.04593276977539
80.4, 79.86640167236328
14.8, 43.001644134521484
12.6, 54.23062515258789
86.4, 123.3884506225586
78.8, 119.42926788330078
36.8, 71.58840942382812
14.8, 49.8533935546875
52.8, 43.85402297973633
24.6, 48.32908248901367
32.0, 41.829017639160156
15.2, 32.808624267578125
10.4, 36.23308181762695
11.0, 15.473965644836426
26.4, 18.139253616333008
28.4, 25.310649871826172
15.6, 12.639142036437988
73.6, 39.73504638671875
10.0, 8.469343185424805
83.4, 51.585418701171875
11.6, 19.473007202148438
80.4, 39.07963562011719
14.8, 29.495899200439453
12.6, 38.900054931640625
86.4, 96.177978515625
78.8, 102.4525375366211
36.8, 73.1974105834961
14.8, 54.439903259277344
52.8, 48.18691635131836
24.6, 69.03266143798828
32.0, 58.638427734375
15.2, 37.52638244628906
10.4, 32.72866439819336
11.0, 14.768545150756836
26.4, 33.71422576904297
28.4, 50.49339294433594
15.6, 12.357415199279785
73.6, 77.34052276611328
10.0, -0.7232977747917175
83.4, 9.585580825805664
11.6, 10.982812881469727
80.4, 29.607215881347656
14.8, 18.9058895111084
12.6, 29.432607650756836
86.4, 76.46908569335938
78.8, 87.48129272460938
36.8, 65.75067138671875
14.8, 53.680049896240234
52.8, 52.2967414855957
24.6, 71.77607727050781
32.0, 64.9731216430664
15.2, 45.367958068847656
10.4, 35.381980895996094
11.0, 30.636552810668945
26.4, 59.60450744628906
28.4, 72.34396362304688
15.6, 39.50657653808594
73.6, 96.28722381591797
10.0, 12.079428672790527
83.4, 36.18738555908203
11.6, 18.506559371948242
80.4, 31.66295051574707
14.8, 12.812738418579102
12.6, 22.544702529907227
86.4, 73.82054138183594
78.8, 82.31770324707031
36.8, 52.359134674072266
14.8, 36.269203186035156
52.8, 46.80759811401367
24.6, 48.57680130004883
32.0, 48.31943893432617
15.2, 32.24238967895508
10.4, 34.98649215698242
11.0, 22.63785171508789
26.4, 43.127952575683594
28.4, 49.67806625366211
15.6, 27.35626792907715
73.6, 88.1245346069336
10.0, 8.76889419555664
83.4, 72.75183868408203
11.6, 17.866140365600586
80.4, 43.58637237548828
14.8, 4.5042500495910645
12.6, 8.916105270385742
86.4, 65.89854431152344
78.8, 76.59647369384766
36.8, 40.87616729736328
14.8, 21.054353713989258
52.8, 44.25135803222656
24.6, 40.1719970703125
32.0, 37.90891647338867
15.2, 19.63026237487793
10.4, 29.324268341064453
11.0, 14.660066604614258
26.4, 36.130615234375
28.4, 31.484577178955078
15.6, 23.45879364013672
73.6, 86.58902740478516
10.0, 9.263505935668945
83.4, 121.00006103515625
11.6, 14.5394926071167
80.4, 68.306884765625
14.8, -4.08754825592041
12.6, -3.6846747398376465
86.4, 67.45307922363281
78.8, 55.93244171142578
36.8, 17.969667434692383
14.8, 1.3053267002105713
52.8, 39.72412872314453
24.6, 27.977760314941406
32.0, 35.31436538696289
15.2, 16.526784896850586
10.4, 26.239280700683594
11.0, 17.87185287475586
26.4, 48.129554748535156
28.4, 38.90930938720703
15.6, 34.13758850097656
73.6, 66.7922134399414
10.0, 18.980201721191406
83.4, 105.81681060791016
11.6, 20.39779281616211
80.4, 137.00010681152344
14.8, 28.659399032592773
12.6, 18.150920867919922
86.4, 69.96928405761719
78.8, 43.451416015625
36.8, 3.4245645999908447
14.8, -10.853373527526855
52.8, 28.114540100097656
24.6, -2.020486831665039
32.0, 1.1967788934707642
15.2, 5.2432861328125
10.4, 22.880998611450195
11.0, 18.36077308654785
26.4, 35.48573303222656
28.4, 40.26567840576172
15.6, 37.2381706237793
73.6, 82.41226959228516
10.0, 26.0157527923584
83.4, 74.60247039794922
11.6, 24.15393829345703
80.4, 115.80249786376953
14.8, 49.33694839477539
12.6, 45.09297180175781
86.4, 121.0376205444336
78.8, 95.1551284790039
36.8, 32.92280960083008
14.8, 7.652376174926758
52.8, 28.632802963256836
24.6, -8.949405670166016
32.0, -6.078169822692871
15.2, 3.8350348472595215
10.4, 19.451980590820312
11.0, 2.9583020210266113
26.4, -4.956998825073242
28.4, -10.216938018798828
15.6, 8.3515625
73.6, 30.854427337646484
10.0, 19.522289276123047
83.4, 156.7227020263672
11.6, 15.173223495483398
80.4, 61.38032150268555
14.8, 36.0814208984375
12.6, 40.89498519897461
86.4, 49.88599395751953
78.8, 47.57204818725586
36.8, 47.37347412109375
14.8, 39.77323532104492
52.8, 47.999290466308594
24.6, 49.45394515991211
32.0, 49.57609939575195
15.2, 39.66599655151367
10.4, 27.16966438293457
11.0, 26.107545852661133
26.4, 35.86283493041992
28.4, 39.13813400268555
15.6, 25.483394622802734
73.6, 42.29901885986328
10.0, 15.393113136291504
83.4, 45.2552604675293
11.6, 15.773807525634766
80.4, 100.28001403808594
14.8, 41.81953048706055
12.6, 45.723060607910156
86.4, 120.09318542480469
78.8, 101.7744140625
36.8, 51.98261260986328
14.8, 27.966211318969727
52.8, 36.939537048339844
24.6, 19.398481369018555
32.0, 16.511505126953125
15.2, 18.11847686767578
10.4, 19.600330352783203
11.0, 8.962955474853516
26.4, 9.23615837097168
28.4, 9.279143333435059
15.6, 7.762040615081787
73.6, 35.848358154296875
10.0, 9.332113265991211
83.4, 81.738037109375
11.6, 12.646933555603027
80.4, 80.95574951171875
14.8, 43.298980712890625
12.6, 46.65040969848633
86.4, 91.95780181884766
78.8, 80.90251922607422
36.8, 56.988582611083984
14.8, 42.81680679321289
52.8, 42.920654296875
24.6, 47.535587310791016
32.0, 42.450233459472656
15.2, 33.386512756347656
10.4, 21.42847442626953
11.0, 17.760805130004883
26.4, 33.57604217529297
28.4, 41.961978912353516
15.6, 14.095958709716797
73.6, 58.81605529785156
10.0, 2.3019402027130127
83.4, 30.693639755249023
11.6, 5.800031661987305
80.4, 44.67447280883789
14.8, 28.906591415405273
12.6, 36.9218864440918
86.4, 96.37503814697266
78.8, 97.86416625976562
36.8, 70.22896575927734
14.8, 51.48851776123047
52.8, 47.316558837890625
24.6, 58.72284698486328
32.0, 53.31230926513672
15.2, 37.39104080200195
10.4, 19.883609771728516
11.0, 16.935413360595703
26.4, 43.302490234375
28.4, 52.46555709838867
15.6, 18.66714859008789
73.6, 70.52570343017578
10.0, -1.2669861316680908
83.4, 32.867061614990234
11.6, 2.357006788253784
80.4, 35.90073776245117
14.8, 14.144759178161621
12.6, 18.654720306396484
86.4, 89.45542907714844
78.8, 91.39590454101562
36.8, 62.91044616699219
14.8, 48.50181198120117
52.8, 45.874900817871094
24.6, 60.63019943237305
32.0, 60.363285064697266
15.2, 36.22190475463867
10.4, 18.950042724609375
11.0, 13.479500770568848
26.4, 53.7393913269043
28.4, 70.2822036743164
15.6, 20.336811065673828
73.6, 100.23947143554688
10.0, -10.46760082244873
83.4, 11.068774223327637
11.6, -0.016896765679121017
80.4, 35.59404754638672
14.8, 2.890193223953247
12.6, 12.455351829528809
86.4, 89.9207534790039
78.8, 91.1728744506836
36.8, 57.4132194519043
14.8, 43.90384292602539
52.8, 44.84998321533203
24.6, 56.42976760864258
32.0, 56.01089096069336
15.2, 35.72468566894531
10.4, 25.275053024291992
11.0, 25.67061996459961
26.4, 52.83557891845703
28.4, 68.55418395996094
15.6, 37.33212661743164
73.6, 103.59626007080078
10.0, 9.330216407775879
83.4, 58.14567184448242
11.6, 19.939163208007812
80.4, 24.37262725830078
14.8, 7.610509395599365
12.6, 14.704216957092285
86.4, 53.31292724609375
78.8, 65.41026306152344
36.8, 49.1749153137207
14.8, 35.62794494628906
52.8, 51.25484848022461
24.6, 60.118019104003906
32.0, 55.780494689941406
15.2, 32.657073974609375
10.4, 22.176437377929688
11.0, 19.46942901611328
26.4, 43.796714782714844
28.4, 46.14945602416992
15.6, 29.268747329711914
73.6, 88.29496002197266
10.0, 7.956299304962158
83.4, 96.137939453125
11.6, 13.398482322692871
80.4, 47.161231994628906
14.8, -0.624929666519165
12.6, 0.23211437463760376
86.4, 67.53562927246094
78.8, 63.00813674926758
36.8, 33.51944351196289
14.8, 11.90150260925293
52.8, 42.397953033447266
24.6, 35.332096099853516
32.0, 39.65299987792969
15.2, 18.6812744140625
10.4, 18.645009994506836
11.0, 14.123931884765625
26.4, 35.56324768066406
28.4, 40.775333404541016
15.6, 28.011789321899414
73.6, 98.75443267822266
10.0, 12.194016456604004
83.4, 86.5462875366211
11.6, 11.986489295959473
80.4, 78.68790435791016
14.8, 10.756742477416992
12.6, 12.69333267211914
86.4, 92.57313537597656
78.8, 75.10295867919922
36.8, 24.612510681152344
14.8, -4.676995754241943
52.8, 26.80216407775879
24.6, -6.332492828369141
32.0, 2.4157207012176514
15.2, 2.2247018814086914
10.4, 14.661212921142578
11.0, 5.877941131591797
26.4, 8.881415367126465
28.4, 4.246265888214111
15.6, 18.742977142333984
73.6, 53.872249603271484
10.0, 23.252925872802734
83.4, 142.64028930664062
11.6, 24.37959861755371
80.4, 112.58269500732422
14.8, 39.218238830566406
12.6, 36.77490234375
86.4, 82.2636947631836
78.8, 68.4782485961914
36.8, 32.58649444580078
14.8, 13.818257331848145
52.8, 33.028324127197266
24.6, 8.047430992126465
32.0, 11.245827674865723
15.2, 10.752053260803223
10.4, 16.405019760131836
11.0, 6.782001972198486
26.4, 1.1280014514923096
28.4, -12.197932243347168
15.6, 7.47796106338501
73.6, 15.855830192565918
10.0, 17.049583435058594
83.4, 86.42615509033203
11.6, 20.181476593017578
80.4, 111.21220397949219
14.8, 55.31259536743164
12.6, 56.445106506347656
86.4, 112.64887237548828
78.8, 97.76545715332031
36.8, 53.50455093383789
14.8, 40.756675720214844
52.8, 44.24716567993164
24.6, 29.924440383911133
32.0, 31.758668899536133
15.2, 29.191905975341797
10.4, 20.23866844177246
11.0, 17.22069549560547
26.4, 24.37809181213379
28.4, 25.775022506713867
15.6, 22.216482162475586
73.6, 28.67443084716797
10.0, 12.543512344360352
83.4, 44.533660888671875
11.6, 12.989859580993652
80.4, 61.191158294677734
14.8, 33.20535659790039
12.6, 35.25041198730469
86.4, 79.73262786865234
78.8, 75.38265991210938
36.8, 54.73704147338867
14.8, 34.60438919067383
52.8, 48.480125427246094
24.6, 49.143062591552734
32.0, 42.73682403564453
15.2, 20.033525466918945
10.4, 11.996126174926758
11.0, -3.0753226280212402
26.4, 22.97710609436035
28.4, 34.709716796875
15.6, 8.097134590148926
73.6, 105.13776397705078
10.0, -15.701106071472168
83.4, 81.10277557373047
11.6, -7.824772357940674
80.4, -28.296171188354492
14.8, -23.6414852142334
12.6, 4.119574546813965
86.4, 116.77970886230469
78.8, 115.5986328125
36.8, 65.19691467285156
14.8, 47.31581115722656
52.8, 53.42091369628906
24.6, 50.720054626464844
32.0, 57.73622131347656
15.2, 45.64602279663086
10.4, 31.800888061523438
11.0, 33.5789909362793
26.4, 48.0190544128418
28.4, 59.47783660888672
15.6, 43.63858413696289
73.6, 74.90377807617188
10.0, 22.559310913085938
83.4, 76.05841827392578
11.6, 34.06123733520508
80.4, 29.215848922729492
14.8, 11.343178749084473
12.6, 10.170218467712402
86.4, 19.036293029785156
78.8, 52.50041198730469
36.8, 54.05202102661133
14.8, 45.13844680786133
52.8, 66.42109680175781
24.6, 87.39707946777344
32.0, 76.12786865234375
15.2, 49.19340896606445
10.4, 36.55136489868164
11.0, 34.457130432128906
26.4, 71.82919311523438
28.4, 74.7472152709961
15.6, 42.27195739746094
73.6, 87.84415435791016
10.0, 14.690934181213379
83.4, 60.634456634521484
11.6, 26.677637100219727
80.4, 54.66569519042969
14.8, 7.835065841674805
12.6, 8.718368530273438
86.4, 58.60451126098633
78.8, 55.06818389892578
36.8, 30.058700561523438
14.8, 14.316444396972656
52.8, 48.42377853393555
24.6, 47.863338470458984
32.0, 46.571163177490234
15.2, 28.567155838012695
10.4, 27.799348831176758
11.0, 24.289207458496094
26.4, 59.222328186035156
28.4, 62.679176330566406
15.6, 37.97419738769531
73.6, 103.0417709350586
10.0, 9.389801979064941
83.4, 84.87285614013672
11.6, 18.73429298400879
80.4, 50.55899429321289
14.8, -3.2503559589385986
12.6, 1.0970531702041626
86.4, 87.73675537109375
78.8, 70.90882110595703
36.8, 18.362268447875977
14.8, 0.04594339057803154
52.8, 40.00778579711914
24.6, 18.958913803100586
32.0, 19.414995193481445
15.2, 12.59659194946289
10.4, 20.071670532226562
11.0, 14.336498260498047
26.4, 42.16874694824219
28.4, 39.220638275146484
15.6, 31.96827507019043
73.6, 87.23158264160156
10.0, 17.29279327392578
83.4, 98.9306411743164
11.6, 18.82853889465332
80.4, 104.61825561523438
14.8, 15.50587272644043
12.6, 14.859173774719238
86.4, 77.76834106445312
78.8, 59.44574737548828
36.8, 16.116790771484375
14.8, -9.108033180236816
52.8, 30.470970153808594
24.6, 2.96160626411438
32.0, 3.300931215286255
15.2, 1.9052507877349854
10.4, 16.631267547607422
11.0, 4.995090961456299
26.4, 20.976818084716797
28.4, 15.068835258483887
15.6, 24.37781524658203
73.6, 74.04530334472656
10.0, 26.663127899169922
83.4, 102.5127182006836
11.6, 26.897504806518555
80.4, 142.49217224121094
14.8, 49.39716339111328
12.6, 45.38092041015625
86.4, 92.8343734741211
78.8, 72.89940643310547
36.8, 24.190326690673828
14.8, -2.519207000732422
52.8, 19.94393539428711
24.6, -11.433635711669922
32.0, -9.336447715759277
15.2, 0.8417333960533142
10.4, 15.975674629211426
11.0, 4.262421131134033
26.4, -2.073741912841797
28.4, -6.648118019104004
15.6, 10.45838737487793
73.6, 34.612064361572266
10.0, 22.533432006835938
83.4, 148.45437622070312
11.6, 26.008831024169922
80.4, 69.72239685058594
14.8, 37.82158660888672
12.6, 37.736419677734375
86.4, 56.818359375
78.8, 66.685791015625
36.8, 45.76005554199219
14.8, 32.191673278808594
52.8, 44.53764724731445
24.6, 41.36787796020508
32.0, 41.16819763183594
15.2, 32.851768493652344
10.4, 19.338117599487305
11.0, 21.122697830200195
26.4, 32.25508499145508
28.4, 25.74051856994629
15.6, 17.797456741333008
73.6, 36.7474250793457
10.0, 17.798072814941406
83.4, 49.67521286010742
11.6, 20.58980369567871
80.4, 106.94332885742188
14.8, 46.90321731567383
12.6, 52.13212585449219
86.4, 123.04242706298828
78.8, 111.29681396484375
36.8, 53.7740592956543
14.8, 31.87659454345703
52.8, 45.699073791503906
24.6, 23.899534225463867
32.0, 27.24988555908203
15.2, 23.977039337158203
10.4, 16.662599563598633
11.0, 15.956753730773926
26.4, 14.16914176940918
28.4, 11.543729782104492
15.6, 14.906975746154785
73.6, 36.995201110839844
10.0, 14.680026054382324
83.4, 83.38126373291016
11.6, 16.088760375976562
80.4, 81.32196807861328
14.8, 35.85866928100586
12.6, 35.377384185791016
86.4, 52.929603576660156
78.8, 54.30878448486328
36.8, 54.60482406616211
14.8, 44.09638595581055
52.8, 52.1571159362793
24.6, 62.99073028564453
32.0, 59.72985076904297
15.2, 42.66801834106445
10.4, 15.575303077697754
11.0, 23.537269592285156
26.4, 52.61787414550781
28.4, 62.06217956542969
15.6, 23.484281539916992
73.6, 74.9240951538086
10.0, -2.238680362701416
83.4, 28.317279815673828
11.6, 3.1502788066864014
80.4, 73.03654479980469
14.8, 11.232337951660156
12.6, 7.830770969390869
86.4, 109.99178314208984
78.8, 97.29966735839844
36.8, 36.1716194152832
14.8, 11.495728492736816
52.8, 38.63149642944336
24.6, 16.688100814819336
32.0, 27.28569984436035
15.2, 26.20347023010254
10.4, 14.240665435791016
11.0, 14.109012603759766
26.4, 38.16856002807617
28.4, 55.19553756713867
15.6, 33.89628601074219
73.6, 120.30448150634766
10.0, 5.393142223358154
83.4, 78.19400787353516
11.6, 5.062657833099365
80.4, 9.144516944885254
14.8, -10.835034370422363
12.6, -12.477099418640137
86.4, 13.047445297241211
78.8, 34.759273529052734
36.8, 38.29718780517578
14.8, 34.47004318237305
52.8, 52.23124694824219
24.6, 66.71098327636719
32.0, 66.13571166992188
15.2, 49.122249603271484
10.4, 20.52409553527832
11.0, 35.926998138427734
26.4, 78.32237243652344
28.4, 97.90059661865234
15.6, 53.05454635620117
73.6, 120.06061553955078
10.0, 17.61844253540039
83.4, 80.111572265625
11.6, 12.636455535888672
80.4, 38.012901306152344
14.8, 7.191103458404541
12.6, 7.352919578552246
86.4, 39.47472381591797
78.8, 57.70989990234375
36.8, 43.44061279296875
14.8, 27.31292152404785
52.8, 51.82608413696289
24.6, 54.06594467163086
32.0, 43.23189926147461
15.2, 26.520898818969727
10.4, 13.30227279663086
11.0, 18.41168975830078
26.4, 40.669979095458984
28.4, 41.61888122558594
15.6, 26.582223892211914
73.6, 83.73101806640625
10.0, 12.3115234375
83.4, 107.06217956542969
11.6, 5.874358177185059
80.4, 76.03999328613281
14.8, 5.93220329284668
12.6, 1.8282839059829712
86.4, 83.24270629882812
78.8, 68.09950256347656
36.8, 13.477581024169922
14.8, -10.659220695495605
52.8, 38.81243896484375
24.6, 11.425278663635254
32.0, 13.301410675048828
15.2, 5.963752269744873
10.4, 10.797676086425781
11.0, 9.541321754455566
26.4, 38.57170104980469
28.4, 40.37421798706055
15.6, 34.468299865722656
73.6, 74.01095581054688
10.0, 21.823530197143555
83.4, 80.79341888427734
11.6, 18.93380355834961
80.4, 123.4247817993164
14.8, 39.38223648071289
12.6, 43.97514724731445
86.4, 105.87471771240234
78.8, 87.82386016845703
36.8, 24.14752960205078
14.8, -3.8434112071990967
52.8, 24.561649322509766
24.6, -15.693522453308105
32.0, -6.871929168701172
15.2, -8.426727294921875
10.4, 9.733010292053223
11.0, -3.36222767829895
26.4, -8.434720039367676
28.4, -15.054235458374023
15.6, 5.141926288604736
73.6, 32.385868072509766
10.0, 18.3466796875
83.4, 97.25377655029297
11.6, 30.152446746826172
80.4, 88.63851165771484
14.8, 56.1279182434082
12.6, 68.47993469238281
86.4, 99.73812103271484
78.8, 98.75675964355469
36.8, 60.64289093017578
14.8, 47.56690216064453
52.8, 40.08939743041992
24.6, 34.500389099121094
32.0, 33.594505310058594
15.2, 33.631229400634766
10.4, 26.935882568359375
11.0, 28.431045532226562
26.4, 19.696781158447266
28.4, 13.038076400756836
15.6, 18.486156463623047
73.6, 7.984107971191406
10.0, 21.05194091796875
83.4, 42.89446258544922
11.6, 27.977773666381836
80.4, 72.24071502685547
14.8, 41.85953903198242
12.6, 47.634883880615234
86.4, 82.78897094726562
78.8, 82.30137634277344
36.8, 56.439884185791016
14.8, 49.232505798339844
52.8, 44.46546936035156
24.6, 47.321434020996094
32.0, 49.24286651611328
15.2, 37.68743896484375
10.4, 19.166715621948242
11.0, 22.67580795288086
26.4, 49.14976119995117
28.4, 55.261985778808594
15.6, 22.529037475585938
73.6, 64.21048736572266
10.0, 3.017646074295044
83.4, 71.41250610351562
11.6, 5.358562469482422
80.4, 63.5915412902832
14.8, -1.3177413940429688
12.6, -8.093891143798828
86.4, 40.82197952270508
78.8, 70.8489761352539
36.8, 49.185237884521484
14.8, 37.007083892822266
52.8, 58.230525970458984
24.6, 76.3171615600586
32.0, 66.26231384277344
15.2, 40.608299255371094
10.4, 17.708070755004883
11.0, 24.241371154785156
26.4, 65.69212341308594
28.4, 69.79925537109375
15.6, 33.290916442871094
73.6, 102.48029327392578
10.0, 2.8820204734802246
83.4, 77.0799331665039
11.6, -1.0810431241989136
80.4, 40.10224533081055
14.8, -13.54638957977295
12.6, -13.1869478225708
86.4, 28.503524780273438
78.8, 41.7349853515625
36.8, 27.570606231689453
14.8, 17.439855575561523
52.8, 49.569427490234375
24.6, 55.280357360839844
32.0, 58.622982025146484
15.2, 38.09640121459961
10.4, 16.134767532348633
11.0, 26.057327270507812
26.4, 68.75176239013672
28.4, 74.67877197265625
15.6, 51.20186996459961
73.6, 127.12712860107422
10.0, 16.586654663085938
83.4, 111.79891204833984
11.6, 7.7409844398498535
80.4, 53.73184585571289
14.8, 5.748945713043213
12.6, 3.5186104774475098
86.4, 46.350643157958984
78.8, 49.22943115234375
36.8, 25.11381721496582
14.8, 9.832340240478516
52.8, 53.543209075927734
24.6, 29.507980346679688
32.0, 39.18458938598633
15.2, 21.260740280151367
10.4, 9.810345649719238
11.0, 11.87246322631836
26.4, 51.303287506103516
28.4, 49.763710021972656
15.6, 14.684365272521973
73.6, 63.29694366455078
10.0, 15.806756019592285
83.4, 127.15660858154297
11.6, 8.774603843688965
80.4, 80.48624420166016
14.8, 6.816690921783447
12.6, -1.44561767578125
86.4, 71.14696502685547
78.8, 57.450904846191406
36.8, 10.775917053222656
14.8, -5.451101303100586
52.8, 44.285186767578125
24.6, 11.244925498962402
32.0, 17.69188117980957
15.2, 9.890702247619629
10.4, 9.440694808959961
11.0, 11.392804145812988
26.4, 34.238990783691406
28.4, 36.462677001953125
15.6, 24.844114303588867
73.6, 80.04850769042969
10.0, 24.764738082885742
83.4, 66.6806869506836
11.6, 21.583316802978516
80.4, 154.84605407714844
14.8, 51.7184944152832
12.6, 48.30668258666992
86.4, 132.10641479492188
78.8, 94.91848754882812
36.8, 35.008853912353516
14.8, 4.06416654586792
52.8, 31.16660499572754
24.6, -7.8344950675964355
32.0, -3.4384946823120117
15.2, -4.559715747833252
10.4, 8.123257637023926
11.0, -1.401249647140503
26.4, 0.19785405695438385
28.4, -1.6380624771118164
15.6, 17.48496437072754
73.6, 70.73482513427734
10.0, 23.858585357666016
83.4, 143.51315307617188
11.6, 22.526975631713867
80.4, 17.324739456176758
14.8, 27.063426971435547
12.6, 27.377723693847656
86.4, 13.161064147949219
78.8, 42.9407844543457
36.8, 53.51557159423828
14.8, 52.31248092651367
52.8, 54.45719528198242
24.6, 68.95270538330078
32.0, 61.36304473876953
15.2, 36.90435028076172
10.4, 24.478858947753906
11.0, 28.40384292602539
26.4, 40.8709602355957
28.4, 38.70781326293945
15.6, 15.897071838378906
73.6, 33.162628173828125
10.0, 17.318798065185547
83.4, 95.17362976074219
11.6, 20.137130737304688
80.4, 99.93211364746094
14.8, 32.675437927246094
12.6, 29.600988388061523
86.4, 84.61405944824219
78.8, 65.6859359741211
36.8, 35.08851623535156
14.8, 19.135278701782227
52.8, 43.660884857177734
24.6, 19.648866653442383
32.0, 22.25641441345215
15.2, 13.743406295776367
10.4, 16.45245933532715
11.0, 9.978772163391113
26.4, 14.564236640930176
28.4, 19.09685707092285
15.6, 12.460686683654785
73.6, 75.64772033691406
10.0, 12.480094909667969
83.4, 73.28864288330078
11.6, 16.719802856445312
80.4, 83.59835052490234
14.8, 33.92287063598633
12.6, 34.90978240966797
86.4, 108.52570343017578
78.8, 99.33859252929688
36.8, 46.71873474121094
14.8, 20.914329528808594
52.8, 41.47583770751953
24.6, 17.621566772460938
32.0, 20.00419807434082
15.2, 11.071484565734863
10.4, 12.827463150024414
11.0, 6.637172222137451
26.4, 8.861231803894043
28.4, 8.359906196594238
15.6, 6.476931095123291
73.6, 55.08705520629883
10.0, 10.247031211853027
83.4, 84.51359558105469
11.6, 14.788318634033203
80.4, 77.88236236572266
14.8, 35.772361755371094
12.6, 37.935081481933594
86.4, 82.40484619140625
78.8, 70.23180389404297
36.8, 47.44379425048828
14.8, 42.5162467956543
52.8, 45.924434661865234
24.6, 48.50016403198242
32.0, 48.281429290771484
15.2, 32.44684600830078
10.4, 15.33239459991455
11.0, 19.476245880126953
26.4, 45.77180099487305
28.4, 53.75592803955078
15.6, 22.838579177856445
73.6, 73.80790710449219
10.0, 4.368533134460449
83.4, 30.510183334350586
11.6, 6.784754753112793
80.4, 61.55437469482422
14.8, 15.415535926818848
12.6, 16.132827758789062
86.4, 84.09576416015625
78.8, 71.64655303955078
36.8, 43.19990921020508
14.8, 31.302976608276367
52.8, 50.388492584228516
24.6, 42.73323059082031
32.0, 47.9658203125
15.2, 27.991479873657227
10.4, 13.9695405960083
11.0, 15.76638412475586
26.4, 45.16305160522461
28.4, 52.72133255004883
15.6, 19.88854217529297
73.6, 103.33529663085938
10.0, 0.2210787832736969
83.4, 46.260223388671875
11.6, 1.2184996604919434
80.4, 78.7337646484375
14.8, -9.708670616149902
12.6, -15.846152305603027
86.4, 57.78468704223633
78.8, 53.63683319091797
36.8, 28.456024169921875
14.8, 15.879464149475098
52.8, 52.148807525634766
24.6, 44.52592849731445
32.0, 54.46738052368164
15.2, 34.79529571533203
10.4, 15.965511322021484
11.0, 25.488603591918945
26.4, 75.35386657714844
28.4, 93.47877502441406
15.6, 47.48277282714844
73.6, 126.72373962402344
10.0, 4.01790714263916
83.4, 50.95940399169922
11.6, -2.8959920406341553
80.4, 23.45606231689453
14.8, -16.708866119384766
12.6, -15.749584197998047
86.4, 44.99745178222656
78.8, 61.27540588378906
36.8, 32.39121627807617
14.8, 12.83820629119873
52.8, 49.9221305847168
24.6, 34.55629348754883
32.0, 45.357421875
15.2, 28.347135543823242
10.4, 13.849468231201172
11.0, 21.502601623535156
26.4, 61.77309799194336
28.4, 73.00843811035156
15.6, 48.0979118347168
73.6, 144.52847290039062
10.0, 16.877592086791992
83.4, 151.41989135742188
11.6, 6.7523579597473145
80.4, 45.501712799072266
14.8, -6.289087772369385
12.6, -15.212100982666016
86.4, -1.6452032327651978
78.8, -0.13215535879135132
36.8, -0.8703367710113525
14.8, -8.532649993896484
52.8, 38.979007720947266
24.6, 22.340360641479492
32.0, 36.47690963745117
15.2, 21.100481033325195
10.4, 14.884786605834961
11.0, 13.077823638916016
26.4, 55.169376373291016
28.4, 57.81102752685547
15.6, 42.78467559814453
73.6, 105.90758514404297
10.0, 19.231586456298828
83.4, 110.20015716552734
11.6, 17.576305389404297
80.4, 73.69253540039062
14.8, 21.558874130249023
12.6, 19.57819175720215
86.4, 55.554080963134766
78.8, 57.64217758178711
36.8, 35.55855178833008
14.8, 4.7779669761657715
52.8, 43.23854446411133
24.6, 17.224712371826172
32.0, 17.255565643310547
15.2, 0.9941419363021851
10.4, 11.649660110473633
11.0, -3.1387548446655273
26.4, 20.04882049560547
28.4, 3.8913636207580566
15.6, 30.831758499145508
73.6, 107.78984832763672
10.0, 17.81172752380371
83.4, 96.05535125732422
11.6, 18.135446548461914
80.4, 87.23518371582031
14.8, 22.024032592773438
12.6, 19.432573318481445
86.4, 107.73872375488281
78.8, 84.94969177246094
36.8, 16.22300910949707
14.8, -13.616873741149902
52.8, 24.308259963989258
24.6, -18.599754333496094
32.0, -11.801279067993164
15.2, -12.659536361694336
10.4, 11.336525917053223
11.0, -5.680830001831055
26.4, -10.486201286315918
28.4, -20.802995681762695
15.6, 8.511630058288574
73.6, 12.436298370361328
10.0, 28.88442039489746
83.4, 122.95262145996094
11.6, 46.23949432373047
80.4, 114.07538604736328
14.8, 63.11031723022461
12.6, 68.51883697509766
86.4, 124.58222961425781
78.8, 103.82137298583984
36.8, 58.14448165893555
14.8, 40.90621566772461
52.8, 42.62830352783203
24.6, 20.233139038085938
32.0, 23.36266326904297
15.2, 29.955036163330078
10.4, 35.657806396484375
11.0, 27.093597412109375
26.4, 12.82125473022461
28.4, 2.6865124702453613
15.6, 18.30357551574707
73.6, 2.8075361251831055
10.0, 23.930850982666016
83.4, 49.17308044433594
11.6, 34.050933837890625
80.4, 94.6394271850586
14.8, 47.947818756103516
12.6, 56.86714172363281
86.4, 105.58656311035156
78.8, 93.6619873046875
36.8, 54.7620735168457
14.8, 46.076900482177734
52.8, 43.17053985595703
24.6, 42.31005859375
32.0, 40.440391540527344
15.2, 32.51923751831055
10.4, 26.572898864746094
11.0, 24.63707160949707
26.4, 26.921634674072266
28.4, 28.434837341308594
15.6, 17.987812042236328
73.6, 40.42549514770508
10.0, 15.665921211242676
83.4, 64.06755828857422
11.6, 23.6927433013916
80.4, 60.755435943603516
14.8, 29.315265655517578
12.6, 39.95464324951172
86.4, 56.99281311035156
78.8, 55.91380310058594
36.8, 50.1264762878418
14.8, 51.75308609008789
52.8, 49.01984786987305
24.6, 62.129913330078125
32.0, 63.60661697387695
15.2, 44.84901428222656
10.4, 21.849063873291016
11.0, 29.130605697631836
26.4, 63.72023391723633
28.4, 73.80720520019531
15.6, 38.884986877441406
73.6, 110.60393524169922
10.0, 11.124032020568848
83.4, 80.9575424194336
11.6, 6.664504528045654
80.4, 39.99890899658203
14.8, -3.3678390979766846
12.6, 0.16129229962825775
86.4, 44.455322265625
78.8, 53.03795623779297
36.8, 40.66487503051758
14.8, 24.281888961791992
52.8, 50.51530838012695
24.6, 55.9017219543457
32.0, 54.8300895690918
15.2, 29.629701614379883
10.4, 14.348692893981934
11.0, 17.82436752319336
26.4, 47.404945373535156
28.4, 42.40125274658203
15.6, 22.554506301879883
73.6, 83.2430191040039
10.0, 14.878755569458008
83.4, 152.84446716308594
11.6, 2.8254551887512207
80.4, 52.63065719604492
14.8, -14.466285705566406
12.6, -21.305238723754883
86.4, 8.651578903198242
78.8, 30.015989303588867
36.8, 16.024473190307617
14.8, 6.119827747344971
52.8, 46.14187240600586
24.6, 37.13762664794922
32.0, 42.27328109741211
15.2, 26.05235481262207
10.4, 15.160292625427246
11.0, 22.418373107910156
26.4, 56.308467864990234
28.4, 64.87237548828125
15.6, 39.23539352416992
73.6, 111.86844635009766
10.0, 19.575469970703125
83.4, 100.37516784667969
11.6, 11.33543872833252
80.4, 91.55894470214844
14.8, 25.979581832885742
12.6, 22.433456420898438
86.4, 57.702423095703125
78.8, 51.38715744018555
36.8, 24.02559471130371
14.8, 8.368290901184082
52.8, 44.62459182739258
24.6, 9.186129570007324
32.0, 11.748896598815918
15.2, 6.366163730621338
10.4, 9.41001033782959
11.0, 4.92056131362915
26.4, 9.375394821166992
28.4, 0.28279027342796326
15.6, 12.296134948730469
73.6, 46.23167037963867
10.0, 19.230318069458008
83.4, 122.4927749633789
11.6, 24.451641082763672
80.4, 116.58086395263672
14.8, 52.42566680908203
12.6, 54.17573928833008
86.4, 107.23751068115234
78.8, 91.12287139892578
36.8, 53.71308898925781
14.8, 41.60930252075195
52.8, 47.74213790893555
24.6, 38.20241928100586
32.0, 34.11094284057617
15.2, 24.305015563964844
10.4, 13.055798530578613
11.0, 12.622368812561035
26.4, 11.922978401184082
28.4, 4.735069751739502
15.6, 8.262969970703125
73.6, 0.1605444699525833
10.0, 8.089021682739258
83.4, 40.62303161621094
11.6, 18.050331115722656
80.4, 64.61198425292969
14.8, 56.96235656738281
12.6, 65.95864868164062
86.4, 87.29337310791016
78.8, 93.22360229492188
36.8, 80.7096939086914
14.8, 69.83596801757812
52.8, 51.91717529296875
24.6, 68.06538391113281
32.0, 55.725799560546875
15.2, 48.97566604614258
10.4, 31.353229522705078
11.0, 40.957115173339844
26.4, 34.070831298828125
28.4, 32.33633041381836
15.6, 31.40690040588379
73.6, 10.262749671936035
10.0, 27.263978958129883
83.4, 44.88346862792969
11.6, 31.66946792602539
80.4, 54.918941497802734
14.8, 42.04072952270508
12.6, 46.56877136230469
86.4, 71.11963653564453
78.8, 76.55989837646484
36.8, 56.42995071411133
14.8, 51.99274444580078
52.8, 55.440521240234375
24.6, 56.27641296386719
32.0, 59.968544006347656
15.2, 47.50170135498047
10.4, 20.398727416992188
11.0, 34.86214828491211
26.4, 59.923336029052734
28.4, 70.21977996826172
15.6, 40.89952087402344
73.6, 76.57432556152344
10.0, 9.722783088684082
83.4, 67.71638488769531
11.6, 5.508138656616211
80.4, 39.31956100463867
14.8, 12.12450122833252
12.6, 10.73344612121582
86.4, 41.083396911621094
78.8, 52.38381576538086
36.8, 31.786190032958984
14.8, 30.751916885375977
52.8, 54.75884246826172
24.6, 44.19808578491211
32.0, 46.81190490722656
15.2, 26.58637046813965
10.4, 13.071030616760254
11.0, 22.740880966186523
26.4, 56.383480072021484
28.4, 54.57714080810547
15.6, 30.835325241088867
73.6, 99.88623809814453
10.0, 5.781838417053223
83.4, 108.54558563232422
11.6, -0.1404220461845398
80.4, 87.86730194091797
14.8, -1.8822746276855469
12.6, -14.390414237976074
86.4, 67.62493133544922
78.8, 69.55216979980469
36.8, 13.514360427856445
14.8, -18.932785034179688
52.8, 42.5320930480957
24.6, 6.702919006347656
32.0, 12.493053436279297
15.2, -1.8955118656158447
10.4, 7.98996639251709
11.0, 14.205421447753906
26.4, 48.76247024536133
28.4, 53.1015625
15.6, 37.89873123168945
73.6, 86.1722640991211
10.0, 21.65765380859375
83.4, 97.24848175048828
11.6, 11.699027061462402
80.4, 112.3028335571289
14.8, 35.59747314453125
12.6, 29.949268341064453
86.4, 95.73512268066406
78.8, 76.1874771118164
36.8, 18.243896484375
14.8, -13.014647483825684
52.8, 27.90334129333496
24.6, -27.90230369567871
32.0, -17.417098999023438
15.2, -11.071492195129395
10.4, 7.909339427947998
11.0, -2.286353349685669
26.4, -12.317219734191895
28.4, -27.149272918701172
15.6, 1.5877143144607544
73.6, 12.557576179504395
10.0, 19.922893524169922
83.4, 119.08360290527344
11.6, 31.677169799804688
80.4, 100.48065185546875
14.8, 54.803565979003906
12.6, 56.091033935546875
86.4, 113.78379821777344
78.8, 107.72967529296875
36.8, 59.27495574951172
14.8, 44.89618682861328
52.8, 45.84599304199219
24.6, 33.20109558105469
32.0, 34.875667572021484
15.2, 29.50421142578125
10.4, 28.75959587097168
11.0, 27.226102828979492
26.4, 24.16316795349121
28.4, 27.872894287109375
15.6, 23.416259765625
73.6, 25.690929412841797
10.0, 16.392555236816406
83.4, 26.932144165039062
11.6, 28.128660202026367
80.4, 41.173336029052734
14.8, 34.22243881225586
12.6, 43.409725189208984
86.4, 64.47284698486328
78.8, 76.82682800292969
36.8, 62.27902603149414
14.8, 56.397254943847656
52.8, 50.37416458129883
24.6, 72.06555938720703
32.0, 69.24163055419922
15.2, 48.154518127441406
10.4, 27.9909610748291
11.0, 39.032127380371094
26.4, 64.42863464355469
28.4, 81.16934204101562
15.6, 48.61857986450195
73.6, 103.0336685180664
10.0, 14.739981651306152
83.4, 57.67392349243164
11.6, 14.137018203735352
80.4, 36.77079391479492
14.8, 13.556501388549805
12.6, 14.316550254821777
86.4, 31.21567726135254
78.8, 30.90428352355957
36.8, 19.431425094604492
14.8, 18.694856643676758
52.8, 45.987491607666016
24.6, 33.41389846801758
32.0, 42.782432556152344
15.2, 23.93309211730957
10.4, 16.17132568359375
11.0, 17.306507110595703
26.4, 43.07939910888672
28.4, 47.90144729614258
15.6, 32.13394546508789
73.6, 101.09357452392578
10.0, 11.863314628601074
83.4, 122.51445770263672
11.6, 10.392906188964844
80.4, 76.97334289550781
14.8, 22.99627685546875
12.6, 18.12240219116211
86.4, 73.94412994384766
78.8, 73.90696716308594
36.8, 32.821537017822266
14.8, 8.245502471923828
52.8, 38.73088836669922
24.6, 3.946287155151367
32.0, 9.15369987487793
15.2, -0.9446191787719727
10.4, 7.3216938972473145
11.0, -2.0010669231414795
26.4, -6.245375156402588
28.4, -18.587024688720703
15.6, 8.458821296691895
73.6, 37.7933235168457
10.0, 18.65610122680664
83.4, 136.1045684814453
11.6, 19.16809844970703
80.4, 118.24547576904297
14.8, 52.369049072265625
12.6, 55.715267181396484
86.4, 115.54751586914062
78.8, 99.70819854736328
36.8, 48.2108039855957
14.8, 31.70354461669922
52.8, 43.41648864746094
24.6, 20.799598693847656
32.0, 21.53515625
15.2, 14.444111824035645
10.4, 14.291903495788574
11.0, 11.082259178161621
26.4, 8.559947967529297
28.4, 2.9933221340179443
15.6, 4.513750076293945
73.6, 4.472922325134277
10.0, 10.884015083312988
83.4, 40.439422607421875
11.6, 18.002609252929688
80.4, 70.55655670166016
14.8, 40.15228271484375
12.6, 45.625770568847656
86.4, 79.23519134521484
78.8, 71.60066223144531
36.8, 48.048309326171875
14.8, 50.66055679321289
52.8, 44.382484436035156
24.6, 54.6146354675293
32.0, 55.27891540527344
15.2, 44.09621810913086
10.4, 23.53578758239746
11.0, 34.3173713684082
26.4, 56.87792205810547
28.4, 64.70722198486328
15.6, 41.365020751953125
73.6, 93.7037124633789
10.0, 20.524919509887695
83.4, 58.89066696166992
11.6, 21.806251525878906
80.4, 38.15195083618164
14.8, 16.324392318725586
12.6, 18.16445541381836
86.4, 36.6848258972168
78.8, 47.6551628112793
36.8, 41.24006271362305
14.8, 35.913631439208984
52.8, 53.15442657470703
24.6, 63.2834358215332
32.0, 60.41724395751953
15.2, 40.93964767456055
10.4, 19.743391036987305
11.0, 30.922239303588867
26.4, 57.115478515625
28.4, 54.87337112426758
15.6, 36.62990951538086
73.6, 99.67530059814453
10.0, 17.051881790161133
83.4, 93.6280746459961
11.6, 13.284235954284668
80.4, 75.35091400146484
14.8, 10.282746315002441
12.6, 7.139668941497803
86.4, 40.847164154052734
78.8, 38.21393966674805
36.8, 12.498714447021484
14.8, 10.408522605895996
52.8, 45.749027252197266
24.6, 29.470779418945312
32.0, 33.05242919921875
15.2, 21.10025405883789
10.4, 11.94398021697998
11.0, 15.045999526977539
26.4, 33.87739562988281
28.4, 28.22822380065918
15.6, 19.300907135009766
73.6, 78.04995727539062
10.0, 17.342313766479492
83.4, 130.38943481445312
11.6, 13.1151762008667
80.4, 119.93721008300781
14.8, 25.66891860961914
12.6, 25.365331649780273
86.4, 86.2938003540039
78.8, 60.6113166809082
36.8, 14.773415565490723
14.8, -3.745943784713745
52.8, 33.081356048583984
24.6, -7.584256649017334
32.0, -3.701481580734253
15.2, -1.1367076635360718
10.4, 5.339099407196045
11.0, -1.4241389036178589
26.4, -10.344263076782227
28.4, -20.664079666137695
15.6, -3.8151941299438477
73.6, 4.499914646148682
10.0, 11.27824592590332
83.4, 76.86481475830078
11.6, 23.348796844482422
80.4, 95.35264587402344
14.8, 55.43959045410156
12.6, 66.5979232788086
86.4, 153.6229248046875
78.8, 126.99641418457031
36.8, 59.38048553466797
14.8, 37.97310256958008
52.8, 44.72737121582031
24.6, 30.793148040771484
32.0, 29.7059326171875
15.2, 30.712038040161133
10.4, 25.93766975402832
11.0, 27.232481002807617
26.4, 27.237701416015625
28.4, 31.64850425720215
15.6, 26.01502227783203
73.6, 39.856178283691406
10.0, 16.714458465576172
83.4, 73.57787322998047
11.6, 24.81092643737793
80.4, 50.40442657470703
14.8, 36.27671813964844
12.6, 41.47403335571289
86.4, 74.3766860961914
78.8, 76.28014373779297
36.8, 59.681793212890625
14.8, 51.70465087890625
52.8, 54.03798294067383
24.6, 62.77235794067383
32.0, 58.583580017089844
15.2, 43.167484283447266
10.4, 25.2541446685791
11.0, 32.620853424072266
26.4, 46.531856536865234
28.4, 56.26097869873047
15.6, 34.18058395385742
73.6, 70.42622375488281
10.0, 13.381837844848633
83.4, 56.972042083740234
11.6, 15.848061561584473
80.4, 40.14816665649414
14.8, 11.380239486694336
12.6, 13.077645301818848
86.4, 54.717796325683594
78.8, 50.66145706176758
36.8, 33.99079513549805
14.8, 38.345951080322266
52.8, 51.497169494628906
24.6, 60.83169937133789
32.0, 66.56163024902344
15.2, 49.053382873535156
10.4, 20.147747039794922
11.0, 36.79175567626953
26.4, 79.59416961669922
28.4, 98.69660186767578
15.6, 58.79180145263672
73.6, 143.19366455078125
10.0, 15.6593017578125
83.4, 69.28190612792969
11.6, 5.907385349273682
80.4, 46.316463470458984
14.8, 4.528306007385254
12.6, 4.20041561126709
86.4, 21.53390884399414
78.8, 21.805612564086914
36.8, 21.183042526245117
14.8, 21.33363151550293
52.8, 58.64250564575195
24.6, 52.008033752441406
32.0, 57.29384994506836
15.2, 35.806697845458984
10.4, 13.979461669921875
11.0, 18.914295196533203
26.4, 57.10215759277344
28.4, 52.6856803894043
15.6, 23.21605110168457
73.6, 62.189659118652344
10.0, 14.701048851013184
83.4, 100.8466796875
11.6, 7.695145606994629
80.4, 107.65670013427734
14.8, 15.908958435058594
12.6, 9.880044937133789
86.4, 69.92475128173828
78.8, 61.15424346923828
36.8, 24.982810974121094
14.8, 1.7662159204483032
52.8, 42.63486862182617
24.6, 10.845218658447266
32.0, 15.901529312133789
15.2, 3.6457650661468506
10.4, 8.342674255371094
11.0, -1.3875411748886108
26.4, 12.217046737670898
28.4, 2.803373336791992
15.6, 7.713181495666504
73.6, 53.187076568603516
10.0, 17.51514434814453
83.4, 101.78653717041016
11.6, 15.832108497619629
80.4, 130.63075256347656
14.8, 56.786869049072266
12.6, 58.64022445678711
86.4, 124.53035736083984
78.8, 99.43641662597656
36.8, 41.2030143737793
14.8, 18.31559181213379
52.8, 38.057552337646484
24.6, 10.694528579711914
32.0, 9.585980415344238
15.2, -4.034317970275879
10.4, 7.638345241546631
11.0, -10.308450698852539
26.4, -12.00643253326416
28.4, -25.61098289489746
15.6, -16.256153106689453
73.6, -11.131512641906738
10.0, 3.161449909210205
83.4, 63.246002197265625
11.6, 17.51691436767578
80.4, 116.44775390625
14.8, 57.33905792236328
12.6, 66.6506576538086
86.4, 111.82295989990234
78.8, 95.00191497802734
36.8, 57.15675354003906
14.8, 48.209228515625
52.8, 49.317508697509766
24.6, 46.04372787475586
32.0, 40.72185516357422
15.2, 34.92179489135742
10.4, 30.21729850769043
11.0, 26.87869644165039
26.4, 30.51938247680664
28.4, 26.575687408447266
15.6, 23.092294692993164
73.6, 20.241931915283203
10.0, 16.902271270751953
83.4, 39.08162307739258
11.6, 28.206974029541016
80.4, 39.31977844238281
14.8, 36.170867919921875
12.6, 42.136714935302734
86.4, 70.16664123535156
78.8, 83.52507781982422
36.8, 60.89615249633789
14.8, 54.53219223022461
52.8, 51.41600799560547
24.6, 65.94938659667969
32.0, 65.24838256835938
15.2, 49.316890716552734
10.4, 29.764522552490234
11.0, 40.20510482788086
26.4, 68.38274383544922
28.4, 77.57328796386719
15.6, 54.33549880981445
73.6, 108.41142272949219
10.0, 24.121191024780273
83.4, 98.54258728027344
11.6, 22.598291397094727
80.4, 51.594688415527344
14.8, 17.53316307067871
12.6, 12.984124183654785
86.4, 13.296555519104004
78.8, 22.878252029418945
36.8, 23.222492218017578
14.8, 22.699451446533203
52.8, 48.25048065185547
24.6, 41.294193267822266
32.0, 43.140419006347656
15.2, 31.131925582885742
10.4, 21.63851547241211
11.0, 27.314687728881836
26.4, 48.145851135253906
28.4, 55.04072952270508
15.6, 38.795841217041016
73.6, 88.37712097167969
10.0, 19.24797821044922
83.4, 100.07501983642578
11.6, 16.25694465637207
80.4, 92.6526870727539
14.8, 27.411039352416992
12.6, 23.377321243286133
86.4, 77.3600082397461
78.8, 67.58808135986328
36.8, 26.684221267700195
14.8, 8.890714645385742
52.8, 40.01750946044922
24.6, 5.589791774749756
32.0, 9.255967140197754
15.2, 5.435757637023926
10.4, 12.802471160888672
11.0, 5.297268867492676
26.4, -6.718029499053955
28.4, -21.385087966918945
15.6, -4.117523193359375
73.6, -7.49500036239624
10.0, 19.26578140258789
83.4, 104.28524017333984
11.6, 24.397823333740234
80.4, 136.70169067382812
14.8, 66.65032958984375
12.6, 70.15937805175781
86.4, 145.34193420410156
78.8, 121.82878112792969
36.8, 65.63037109375
14.8, 39.80312728881836
52.8, 46.700416564941406
24.6, 28.995847702026367
32.0, 26.874187469482422
15.2, 23.46535873413086
10.4, 20.757434844970703
11.0, 21.687423706054688
26.4, 12.766061782836914
28.4, 5.019983291625977
15.6, 15.706534385681152
73.6, 1.0886629819869995
10.0, 15.082148551940918
83.4, 35.066497802734375
11.6, 15.072761535644531
80.4, 60.29608917236328
14.8, 41.96281814575195
12.6, 45.964420318603516
86.4, 86.1412582397461
78.8, 81.26081085205078
36.8, 63.144500732421875
14.8, 47.712059020996094
52.8, 52.895503997802734
24.6, 58.715415954589844
32.0, 51.54906463623047
15.2, 35.63808059692383
10.4, 19.74142837524414
11.0, 25.499618530273438
26.4, 42.46085739135742
28.4, 46.14674758911133
15.6, 33.465126037597656
73.6, 69.02025604248047
10.0, 13.930649757385254
83.4, 89.06270599365234
11.6, 10.107869148254395
80.4, 62.53364181518555
14.8, 17.031869888305664
12.6, 11.335372924804688
86.4, 45.21696090698242
78.8, 41.95774459838867
36.8, 24.229169845581055
14.8, 21.506784439086914
52.8, 51.285709381103516
24.6, 44.38591766357422
32.0, 49.444908142089844
15.2, 33.441673278808594
10.4, 15.765302658081055
11.0, 27.12993812561035
26.4, 60.6292724609375
28.4, 64.45069122314453
15.6, 38.279197692871094
73.6, 117.64688110351562
10.0, 11.509806632995605
83.4, 84.93321990966797
11.6, 2.0973598957061768
80.4, 62.62057876586914
14.8, -2.254391670227051
12.6, -9.610614776611328
86.4, 51.53751754760742
78.8, 46.702392578125
36.8, 9.59494400024414
14.8, 1.477923035621643
52.8, 40.55159378051758
24.6, 26.03879165649414
32.0, 33.62311935424805
15.2, 25.526453018188477
10.4, 13.233945846557617
11.0, 22.905580520629883
26.4, 51.7580680847168
28.4, 58.6558952331543
15.6, 41.56016159057617
73.6, 106.58416748046875
10.0, 18.348102569580078
83.4, 118.7624740600586
11.6, 6.367572784423828
80.4, 89.75038146972656
14.8, 8.34638500213623
12.6, -0.3587525486946106
86.4, 36.244407653808594
78.8, 36.09630584716797
36.8, 10.18834400177002
14.8, 2.1162657737731934
52.8, 39.24641418457031
24.6, 14.995820999145508
32.0, 24.333118438720703
15.2, 17.317529678344727
10.4, 10.23013687133789
11.0, 13.328044891357422
26.4, 32.16443634033203
28.4, 35.02814865112305
15.6, 26.616622924804688
73.6, 88.69596099853516
10.0, 14.705519676208496
83.4, 108.78071594238281
11.6, 10.036542892456055
80.4, 121.31647491455078
14.8, 33.34522247314453
12.6, 31.88750457763672
86.4, 125.48887634277344
78.8, 98.54449462890625
36.8, 29.975563049316406
14.8, -3.2993950843811035
52.8, 27.87116241455078
24.6, -15.571382522583008
32.0, -7.722955703735352
15.2, -11.337130546569824
10.4, 5.63373327255249
11.0, -6.5411176681518555
26.4, -17.49750518798828
28.4, -27.011728286743164
15.6, -4.56553840637207
73.6, 18.575529098510742
10.0, 4.729235649108887
83.4, 88.53690338134766
11.6, 17.77627944946289
80.4, 76.88561248779297
14.8, 62.917057037353516
12.6, 73.48897552490234
86.4, 89.07112121582031
78.8, 89.4396743774414
36.8, 75.44061279296875
14.8, 63.589561462402344
52.8, 49.846717834472656
24.6, 60.027584075927734
32.0, 49.28993606567383
15.2, 39.65100860595703
10.4, 25.010059356689453
11.0, 27.323448181152344
26.4, 30.818933486938477
28.4, 30.377534866333008
15.6, 27.64347267150879
73.6, 27.052303314208984
10.0, 10.59549617767334
83.4, 32.88209915161133
11.6, 15.290982246398926
80.4, 61.694095611572266
14.8, 41.503360748291016
12.6, 51.724761962890625
86.4, 99.40052795410156
78.8, 87.21817016601562
36.8, 59.6489372253418
14.8, 44.92721939086914
52.8, 59.76052474975586
24.6, 49.10316848754883
32.0, 46.58749008178711
15.2, 38.16559982299805
10.4, 21.30394172668457
11.0, 26.731687545776367
26.4, 44.467769622802734
28.4, 48.097965240478516
15.6, 35.670745849609375
73.6, 84.82047271728516
10.0, 8.527557373046875
83.4, 70.90158081054688
11.6, 9.871864318847656
80.4, 42.70909118652344
14.8, 13.975186347961426
12.6, 14.637724876403809
86.4, 37.33475875854492
78.8, 33.77137756347656
36.8, 16.999731063842773
14.8, 15.615874290466309
52.8, 43.365638732910156
24.6, 21.103628158569336
32.0, 29.424694061279297
15.2, 24.262069702148438
10.4, 15.995279312133789
11.0, 16.48086929321289
26.4, 40.33475112915039
28.4, 45.44763946533203
15.6, 35.098812103271484
73.6, 105.88079071044922
10.0, 9.33375072479248
83.4, 133.3876190185547
11.6, 7.344851016998291
80.4, 92.7814712524414
14.8, 17.3328914642334
12.6, 13.40429973602295
86.4, 69.40064239501953
78.8, 59.11185836791992
36.8, 25.31608772277832
14.8, 6.582595348358154
52.8, 45.81713104248047
24.6, 22.199899673461914
32.0, 24.126686096191406
15.2, 12.17850399017334
10.4, 8.826310157775879
11.0, 6.3363494873046875
26.4, 26.158857345581055
28.4, 37.11425018310547
15.6, 13.082791328430176
73.6, 52.45619583129883
10.0, 6.323410511016846
83.4, 83.7713851928711
11.6, 6.37894344329834
80.4, 123.01326751708984
14.8, 40.58396530151367
12.6, 37.40852737426758
86.4, 104.62384033203125
78.8, 72.98182678222656
36.8, 39.90021896362305
14.8, 12.565694808959961
52.8, 40.18149948120117
24.6, 16.86949348449707
32.0, 13.058034896850586
15.2, 4.461694240570068
10.4, 7.317373275756836
11.0, -3.4148759841918945
26.4, 0.8930906057357788
28.4, 4.471928119659424
15.6, -1.0557676553726196
73.6, 33.55385208129883
10.0, 0.046117108315229416
83.4, 26.346525192260742
11.6, 15.733441352844238
80.4, 76.87799072265625
14.8, 67.5247573852539
12.6, 77.79782104492188
86.4, 145.0703582763672
78.8, 128.1944122314453
36.8, 67.72065734863281
14.8, 56.076576232910156
52.8, 46.590248107910156
24.6, 32.473697662353516
32.0, 35.0904541015625
15.2, 39.02732849121094
10.4, 33.013301849365234
11.0, 38.313194274902344
26.4, 26.246313095092773
28.4, 19.622901916503906
15.6, 31.181270599365234
73.6, 14.11874771118164
10.0, 30.02714729309082
83.4, 56.55198669433594
11.6, 33.493709564208984
80.4, 56.809043884277344
14.8, 37.58265686035156
12.6, 38.73828887939453
86.4, 68.80390930175781
78.8, 68.94694519042969
36.8, 42.722259521484375
14.8, 47.584781646728516
52.8, 47.91490173339844
24.6, 52.869232177734375
32.0, 55.38899612426758
15.2, 48.66362380981445
10.4, 25.384328842163086
11.0, 39.63864517211914
26.4, 61.26029968261719
28.4, 73.48253631591797
15.6, 51.57425308227539
73.6, 108.10199737548828
10.0, 22.943580627441406
83.4, 83.53915405273438
11.6, 18.763887405395508
80.4, 56.352176666259766
14.8, 23.98764419555664
12.6, 21.373170852661133
86.4, 51.420448303222656
78.8, 46.93162155151367
36.8, 19.97376251220703
14.8, 24.024059295654297
52.8, 42.68737030029297
24.6, 24.445262908935547
32.0, 30.28582763671875
15.2, 27.147878646850586
10.4, 16.470590591430664
11.0, 23.112802505493164
26.4, 26.789548873901367
28.4, 19.182722091674805
15.6, 25.904266357421875
73.6, 46.66997528076172
10.0, 17.271800994873047
83.4, 98.42129516601562
11.6, 15.300512313842773
80.4, 102.1092529296875
14.8, 38.46419906616211
12.6, 40.142791748046875
86.4, 111.03466796875
78.8, 100.49899291992188
36.8, 48.33067321777344
14.8, 28.772621154785156
52.8, 45.21491622924805
24.6, 24.626537322998047
32.0, 26.9177303314209
15.2, 20.689462661743164
10.4, 11.415417671203613
11.0, 12.855358123779297
26.4, 14.686169624328613
28.4, 5.203983306884766
15.6, 13.077921867370605
73.6, 15.307027816772461
10.0, 5.145322799682617
83.4, 36.2628288269043
11.6, 7.126919746398926
80.4, 59.454132080078125
14.8, 29.86707305908203
12.6, 34.929622650146484
86.4, 79.3543930053711
78.8, 79.7378158569336
36.8, 52.310791015625
14.8, 41.16770935058594
52.8, 50.32265853881836
24.6, 44.695892333984375
32.0, 49.21162796020508
15.2, 36.30450439453125
10.4, 13.515294075012207
11.0, 24.17184066772461
26.4, 49.261112213134766
28.4, 58.338680267333984
15.6, 44.87906265258789
73.6, 104.43376922607422
10.0, 15.432478904724121
83.4, 117.48670959472656
11.6, 8.285846710205078
80.4, 73.8203125
14.8, 26.24888801574707
12.6, 24.881486892700195
86.4, 52.91700744628906
78.8, 47.26243591308594
36.8, 21.376895904541016
14.8, 17.156883239746094
52.8, 40.25507736206055
24.6, 12.322222709655762
32.0, 21.584819793701172
15.2, 17.270143508911133
10.4, 10.332080841064453
11.0, 11.828253746032715
26.4, 17.03606414794922
28.4, 8.721776008605957
15.6, 14.631916046142578
73.6, 27.85468864440918
10.0, 10.12952995300293
83.4, 58.83745574951172
11.6, 9.144482612609863
80.4, 88.25629425048828
14.8, 40.45348358154297
12.6, 46.77504348754883
86.4, 112.17735290527344
78.8, 107.19845581054688
36.8, 64.60767364501953
14.8, 44.65788650512695
52.8, 51.9239387512207
24.6, 46.15448760986328
32.0, 46.7584228515625
15.2, 29.244272232055664
10.4, 11.630852699279785
11.0, 17.846708297729492
26.4, 38.619380950927734
28.4, 40.46284103393555
15.6, 29.760583877563477
73.6, 64.85753631591797
10.0, 11.888429641723633
83.4, 68.31135559082031
11.6, 8.860626220703125
80.4, 45.09951400756836
14.8, 24.1291446685791
12.6, 27.636316299438477
86.4, 41.09014892578125
78.8, 43.764869689941406
36.8, 35.90629959106445
14.8, 30.517091751098633
52.8, 45.58094024658203
24.6, 34.2591552734375
32.0, 39.34470748901367
15.2, 22.894454956054688
10.4, 10.994751930236816
11.0, 15.745633125305176
26.4, 37.91952896118164
28.4, 43.462623596191406
15.6, 31.46565818786621
73.6, 89.77195739746094
10.0, 10.128438949584961
83.4, 114.10197448730469
11.6, 8.720768928527832
80.4, 94.54104614257812
14.8, 20.392404556274414
12.6, 20.792936325073242
86.4, 86.38468170166016
78.8, 76.44874572753906
36.8, 28.35650634765625
14.8, 14.729418754577637
52.8, 43.41476058959961
24.6, 18.616785049438477
32.0, 22.200359344482422
15.2, 11.591672897338867
10.4, 10.085100173950195
11.0, 8.901796340942383
26.4, 15.146662712097168
28.4, 13.277244567871094
15.6, 13.871893882751465
73.6, 40.71478271484375
10.0, 7.429954528808594
83.4, 55.251895904541016
11.6, 11.431611061096191
80.4, 77.56751251220703
14.8, 31.01676368713379
12.6, 35.216182708740234
86.4, 110.80647277832031
78.8, 103.1239242553711
36.8, 54.12076187133789
14.8, 38.62850570678711
52.8, 54.661922454833984
24.6, 43.711063385009766
32.0, 42.78036117553711
15.2, 28.443613052368164
10.4, 13.724139213562012
11.0, 21.174482345581055
26.4, 37.45893478393555
28.4, 39.56688690185547
15.6, 28.822160720825195
73.6, 71.10779571533203
10.0, 11.683023452758789
83.4, 66.80943298339844
11.6, 11.161663055419922
80.4, 56.31597137451172
14.8, 19.610260009765625
12.6, 19.925613403320312
86.4, 56.6411247253418
78.8, 52.394535064697266
36.8, 28.535778045654297
14.8, 23.75217628479004
52.8, 43.41264724731445
24.6, 28.512081146240234
32.0, 32.8197021484375
15.2, 23.964921951293945
10.4, 11.061014175415039
11.0, 16.385637283325195
26.4, 36.00220489501953
28.4, 40.29335403442383
15.6, 29.64048957824707
73.6, 88.77703857421875
10.0, 9.582083702087402
83.4, 101.12389373779297
11.6, 8.897554397583008
80.4, 79.7683334350586
14.8, 17.185977935791016
12.6, 17.042701721191406
86.4, 84.72590637207031
78.8, 74.73271942138672
36.8, 27.164384841918945
14.8, 15.18405818939209
52.8, 42.042694091796875
24.6, 14.904829025268555
32.0, 21.523744583129883
15.2, 14.259065628051758
10.4, 8.559433937072754
11.0, 7.615696907043457
26.4, 16.96525764465332
28.4, 14.156314849853516
15.6, 14.83078384399414
73.6, 51.26927947998047
10.0, 5.777654647827148
83.4, 72.81475830078125
11.6, 9.304718017578125
80.4, 87.88542175292969
14.8, 22.436691284179688
12.6, 25.511857986450195
86.4, 100.9120101928711
78.8, 96.09832763671875
36.8, 47.15849685668945
14.8, 28.296541213989258
52.8, 49.5625
24.6, 33.69411087036133
32.0, 35.29703140258789
15.2, 20.35867691040039
10.4, 9.75727367401123
11.0, 10.29638385772705
26.4, 30.012836456298828
28.4, 30.359790802001953
15.6, 20.25094223022461
73.6, 72.7047119140625
10.0, 5.07027006149292
83.4, 77.41880798339844
11.6, 7.80217981338501
80.4, 64.54340362548828
14.8, 11.680301666259766
12.6, 13.764599800109863
86.4, 77.21846008300781
78.8, 73.04679107666016
36.8, 34.91474151611328
14.8, 21.155738830566406
52.8, 47.42311477661133
24.6, 28.14126968383789
32.0, 32.002784729003906
15.2, 19.030038833618164
10.4, 10.443519592285156
11.0, 11.495626449584961
26.4, 31.451974868774414
28.4, 33.61323928833008
15.6, 23.173309326171875
73.6, 83.34777069091797
10.0, 7.472352981567383
83.4, 94.28816223144531
11.6, 9.804327964782715
80.4, 79.760009765625
14.8, 13.186067581176758
12.6, 13.090606689453125
86.4, 83.03504943847656
78.8, 75.73094177246094
36.8, 32.69365692138672
14.8, 16.73198890686035
52.8, 47.432960510253906
24.6, 21.2903995513916
32.0, 26.799013137817383
15.2, 14.617013931274414
10.4, 9.869260787963867
11.0, 8.427896499633789
26.4, 21.352697372436523
28.4, 21.445981979370117
15.6, 14.866434097290039
73.6, 66.8129653930664
10.0, 5.952290058135986
83.4, 80.76127624511719
11.6, 10.203925132751465
80.4, 80.2962875366211
14.8, 15.623812675476074
12.6, 16.868473052978516
86.4, 90.65193176269531
78.8, 84.6673583984375
36.8, 40.75905227661133
14.8, 23.047761917114258
52.8, 51.88471603393555
24.6, 29.877656936645508
32.0, 33.82252883911133
15.2, 19.730833053588867
10.4, 10.885542869567871
11.0, 11.217731475830078
26.4, 28.306446075439453
28.4, 28.92153549194336
15.6, 18.499269485473633
73.6, 72.47946166992188
10.0, 7.048718452453613
83.4, 81.36758422851562
11.6, 10.616991996765137
80.4, 76.5
14.8, 12.730015754699707
12.6, 12.738405227661133
86.4, 82.70055389404297
78.8, 76.5337905883789
36.8, 35.92859649658203
14.8, 18.484729766845703
52.8, 50.619564056396484
24.6, 26.111820220947266
32.0, 30.911373138427734
15.2, 17.337858200073242
10.4, 10.755067825317383
11.0, 10.743544578552246
26.4, 26.723817825317383
28.4, 27.614938735961914
15.6, 18.036876678466797
73.6, 75.8554916381836
10.0, 8.01955509185791
83.4, 87.08810424804688
11.6, 11.240218162536621
80.4, 82.3459701538086
14.8, 13.674639701843262
12.6, 12.868351936340332
86.4, 86.8121337890625
78.8, 79.35771179199219
36.8, 35.649322509765625
14.8, 16.76678466796875
52.8, 50.672279357910156
24.6, 23.59502410888672
32.0, 28.89554786682129
15.2, 15.400426864624023
10.4, 10.49537181854248
11.0, 9.882163047790527
26.4, 23.7279052734375
28.4, 24.368406295776367
15.6, 15.456706047058105
73.6, 71.64598083496094
10.0, 7.787550449371338
83.4, 81.9715576171875
11.6, 11.427501678466797
80.4, 82.78874969482422
14.8, 14.739928245544434
12.6, 14.454156875610352
86.4, 88.48213195800781
78.8, 81.89506530761719
36.8, 38.98617935180664
14.8, 18.921998977661133
52.8, 52.98014831542969
24.6, 26.83998680114746
32.0, 31.77778434753418
15.2, 17.079967498779297
10.4, 10.804362297058105
11.0, 10.709850311279297
26.4, 25.675125122070312
28.4, 26.98600959777832
15.6, 16.271591186523438
73.6, 71.96575164794922
10.0, 8.059900283813477
83.4, 80.7752685546875
11.6, 11.447211265563965
80.4, 75.9738998413086
14.8, 12.985564231872559
12.6, 12.389357566833496
86.4, 82.89716339111328
78.8, 76.81100463867188
36.8, 36.44154357910156
14.8, 18.442768096923828
52.8, 51.89630889892578
24.6, 27.15104103088379
32.0, 32.450592041015625
15.2, 18.180419921875
10.4, 10.980612754821777
11.0, 11.948076248168945
26.4, 29.14925193786621
28.4, 31.1134090423584
15.6, 18.77513885498047
73.6, 78.96753692626953
10.0, 9.13625431060791
83.4, 88.28853607177734
11.6, 11.495766639709473
80.4, 81.31317138671875
14.8, 13.143826484680176
12.6, 11.387351989746094
86.4, 84.71949005126953
78.8, 76.94004821777344
36.8, 33.554752349853516
14.8, 14.75768756866455
52.8, 50.27566146850586
24.6, 21.300344467163086
32.0, 27.38542938232422
15.2, 14.0005464553833
10.4, 10.116964340209961
11.0, 9.734041213989258
26.4, 22.686872482299805
28.4, 23.76247787475586
15.6, 14.813796997070312
73.6, 70.1131362915039
10.0, 8.575407028198242
83.4, 82.74922943115234
11.6, 11.603547096252441
80.4, 83.10159301757812
14.8, 15.900524139404297
12.6, 14.956363677978516
86.4, 90.1069564819336
78.8, 82.9763412475586
36.8, 38.40752029418945
14.8, 18.215051651000977
52.8, 53.28528594970703
24.6, 26.039705276489258
32.0, 31.278839111328125
15.2, 16.005149841308594
10.4, 10.570683479309082
11.0, 10.919546127319336
26.4, 25.656383514404297
28.4, 27.345205307006836
15.6, 16.413097381591797
73.6, 72.35169219970703
10.0, 8.836217880249023
83.4, 80.9861831665039
11.6, 11.553736686706543
80.4, 77.98381805419922
14.8, 14.245988845825195
12.6, 13.119892120361328
86.4, 84.080810546875
78.8, 77.49279022216797
36.8, 36.97100067138672
14.8, 17.627662658691406
52.8, 52.52953338623047
24.6, 26.471845626831055
32.0, 32.01419448852539
15.2, 16.44059944152832
10.4, 10.687860488891602
11.0, 11.481072425842285
26.4, 27.596153259277344
28.4, 29.8516788482666
15.6, 17.82671546936035
73.6, 76.6736831665039
10.0, 9.35566234588623
83.4, 86.22303009033203
11.6, 11.580245971679688
80.4, 80.76239013671875
14.8, 13.82918930053711
12.6, 12.01125431060791
86.4, 85.14936065673828
78.8, 77.6733169555664
36.8, 35.44280242919922
14.8, 15.397210121154785
52.8, 51.834991455078125
24.6, 23.535581588745117
32.0, 29.631120681762695
15.2, 14.557360649108887
10.4, 10.23106861114502
11.0, 10.244071006774902
26.4, 24.43951988220215
28.4, 26.2454833984375
15.6, 15.190550804138184
73.6, 72.17163848876953
10.0, 8.87031364440918
83.4, 82.59982299804688
11.6, 11.532246589660645
80.4, 81.0677261352539
14.8, 14.702152252197266
12.6, 13.314615249633789
86.4, 87.70265197753906
78.8, 80.44733428955078
36.8, 37.69392776489258
14.8, 16.91506004333496
52.8, 53.821990966796875
24.6, 25.86557960510254
32.0, 31.62932777404785
15.2, 15.712767601013184
10.4, 10.554146766662598
11.0, 11.055404663085938
26.4, 26.284587860107422
28.4, 28.335031509399414
15.6, 16.368450164794922
73.6, 73.81214141845703
10.0, 9.298497200012207
