37.2, 1.3413593769073486
14.8, 23.202241897583008
31.4, -11.767718315124512
35.6, 33.46369552612305
27.6, 126.77458190917969
12.2, 7.253684997558594
25.0, 65.13703918457031
28.0, 102.6438980102539
31.6, 99.47823333740234
14.0, 7.5084547996521
26.6, 41.196781158447266
21.2, 8.7564697265625
16.0, 8.664864540100098
23.8, 27.286836624145508
18.8, 11.497203826904297
32.8, 45.64685821533203
10.6, 9.025793075561523
27.6, 22.902708053588867
23.8, 43.44748306274414
31.4, 79.05784606933594
29.2, 40.53368377685547
26.0, 16.572050094604492
32.2, 24.98908233642578
27.8, 19.705533981323242
29.6, 79.58911895751953
9.0, 15.390486717224121
20.4, 22.809423446655273
33.2, 49.81703567504883
26.0, 27.336153030395508
29.6, 5.196253299713135
23.6, 4.798333644866943
8.0, 1.4515033960342407
30.2, 15.51416301727295
31.8, 25.366308212280273
25.6, 21.4177188873291
22.8, 22.996173858642578
32.8, 103.21807098388672
26.8, 102.54385375976562
11.8, 17.795557022094727
16.8, 20.05154800415039
30.2, 24.48179817199707
21.6, 13.234169006347656
25.8, 20.8065185546875
32.6, 68.92666625976562
21.4, 46.126155853271484
26.8, 34.64689254760742
24.2, 24.5096435546875
32.4, 20.2283878326416
27.8, 11.890403747558594
26.0, 11.663975715637207
37.2, 30.526952743530273
14.8, 18.31818962097168
31.4, 38.7880973815918
35.6, 50.89045715332031
27.6, 26.831289291381836
12.2, 10.154670715332031
25.0, 14.263795852661133
28.0, 23.36972427368164
31.6, 57.67064666748047
14.0, 19.83960723876953
26.6, 58.46796798706055
21.2, 27.873727798461914
16.0, 15.110053062438965
23.8, 17.58433723449707
18.8, 16.023963928222656
32.8, 32.336448669433594
10.6, 16.454570770263672
27.6, 15.243274688720703
23.8, 50.86305618286133
31.4, 76.09735107421875
29.2, 51.81083297729492
26.0, 29.462011337280273
32.2, 21.189037322998047
27.8, 12.944428443908691
29.6, 21.56944465637207
9.0, 11.292648315429688
20.4, 16.358396530151367
33.2, 30.883562088012695
26.0, 47.587158203125
29.6, 42.35383224487305
23.6, 27.187488555908203
8.0, 8.315145492553711
30.2, 16.905698776245117
31.8, 17.30815315246582
25.6, 18.011720657348633
22.8, 19.003429412841797
32.8, 69.9599609375
26.8, 76.71085357666016
11.8, 20.698076248168945
16.8, 22.62905502319336
30.2, 25.619524002075195
21.6, 17.952844619750977
25.8, 25.516386032104492
32.6, 66.9559555053711
21.4, 44.32087707519531
26.8, 34.931278228759766
24.2, 25.79167366027832
32.4, 15.518210411071777
27.8, 11.015559196472168
26.0, 12.3909330368042
37.2, 24.41037368774414
14.8, 18.459474563598633
31.4, 30.41336441040039
35.6, 52.99602127075195
27.6, 46.862403869628906
12.2, 7.669454574584961
25.0, 20.131494522094727
28.0, 35.198638916015625
31.6, 57.11203384399414
14.0, 17.312576293945312
26.6, 27.177350997924805
21.2, 8.711246490478516
16.0, 8.09822940826416
23.8, 9.607306480407715
18.8, 12.295732498168945
32.8, 35.616878509521484
10.6, 13.624743461608887
27.6, 25.14699363708496
23.8, 29.441452026367188
31.4, 34.5604133605957
29.2, 16.532154083251953
26.0, 16.174739837646484
32.2, 32.856178283691406
27.8, 16.6678524017334
29.6, 38.28147888183594
9.0, 6.045523643493652
20.4, 14.411466598510742
33.2, 43.53272247314453
26.0, 24.442733764648438
29.6, 44.35019302368164
23.6, 21.437944412231445
8.0, 12.737895011901855
30.2, 56.43369674682617
31.8, 22.68517303466797
25.6, 17.563491821289062
22.8, 17.51725196838379
32.8, 65.6661605834961
26.8, 61.2293815612793
11.8, 16.101322174072266
16.8, 15.728306770324707
30.2, 26.162288665771484
21.6, 21.337541580200195
25.8, 38.2156982421875
32.6, 84.82555389404297
21.4, 56.67817306518555
26.8, 39.41598892211914
24.2, 30.006996154785156
32.4, 29.023653030395508
27.8, 18.127838134765625
26.0, 13.9245023727417
37.2, 24.805892944335938
14.8, 16.918498992919922
31.4, 26.9645938873291
35.6, 40.18939208984375
27.6, 36.25120162963867
12.2, 12.166763305664062
25.0, 17.3873348236084
28.0, 23.623275756835938
31.6, 41.45167541503906
14.0, 17.16156578063965
26.6, 36.336036682128906
21.2, 19.514543533325195
16.0, 15.636130332946777
23.8, 19.21282196044922
18.8, 15.775352478027344
32.8, 35.30997085571289
10.6, 14.753034591674805
27.6, 33.40906524658203
23.8, 28.052356719970703
31.4, 31.658123016357422
29.2, 23.47820472717285
26.0, 20.351167678833008
32.2, 25.41119384765625
27.8, 18.103713989257812
29.6, 33.96999740600586
9.0, 11.89702320098877
20.4, 17.740114212036133
33.2, 29.51594352722168
26.0, 41.81102752685547
29.6, 40.351478576660156
23.6, 28.22745132446289
8.0, 5.836697578430176
30.2, 34.904640197753906
31.8, 30.298721313476562
25.6, 18.983842849731445
22.8, 17.623268127441406
32.8, 31.781633377075195
26.8, 40.34510040283203
11.8, 20.186769485473633
16.8, 24.203346252441406
30.2, 36.2005729675293
21.6, 23.815067291259766
25.8, 24.48112678527832
32.6, 32.362220764160156
21.4, 26.64325714111328
26.8, 22.26203727722168
24.2, 22.389495849609375
32.4, 32.6322021484375
27.8, 26.168506622314453
26.0, 22.449308395385742
37.2, 41.16318893432617
14.8, 23.071380615234375
31.4, 32.29857635498047
35.6, 34.273616790771484
27.6, 28.66326332092285
12.2, 15.80538558959961
25.0, 17.52107048034668
28.0, 19.64725685119629
31.6, 24.705108642578125
14.0, 16.5510196685791
26.6, 25.429340362548828
21.2, 22.86130142211914
16.0, 16.812175750732422
23.8, 19.008771896362305
18.8, 14.919777870178223
32.8, 29.204198837280273
10.6, 5.863597393035889
27.6, 33.110145568847656
23.8, 33.459861755371094
31.4, 39.89957809448242
29.2, 34.33671188354492
26.0, 19.966236114501953
32.2, 25.575960159301758
27.8, 16.41525650024414
29.6, 33.28294372558594
9.0, 14.383476257324219
20.4, 16.185361862182617
33.2, 32.77688217163086
26.0, 43.21165084838867
29.6, 37.295955657958984
23.6, 28.701126098632812
8.0, 14.02891731262207
30.2, 28.48319435119629
31.8, 27.87433433532715
25.6, 16.682357788085938
22.8, 16.73101234436035
32.8, 32.5269660949707
26.8, 42.322933197021484
11.8, 18.28584861755371
16.8, 22.713075637817383
30.2, 41.21572494506836
21.6, 24.379352569580078
25.8, 27.4730224609375
32.6, 34.57203674316406
21.4, 16.72101402282715
26.8, 13.321633338928223
24.2, 13.186278343200684
32.4, 16.303773880004883
27.8, 16.793148040771484
26.0, 16.334938049316406
37.2, 29.080224990844727
14.8, 18.482540130615234
31.4, 30.25728988647461
35.6, 48.73934555053711
27.6, 40.47595977783203
12.2, 13.053154945373535
25.0, 18.989803314208984
28.0, 24.99399185180664
31.6, 39.66719055175781
14.0, 14.816079139709473
26.6, 33.63686752319336
21.2, 17.185909271240234
16.0, 11.661380767822266
23.8, 16.932584762573242
18.8, 13.399250984191895
32.8, 27.79884147644043
10.6, 12.66236686706543
27.6, 28.786117553710938
23.8, 28.73711585998535
31.4, 36.55277633666992
29.2, 32.054256439208984
26.0, 20.31585693359375
32.2, 29.01131820678711
27.8, 16.57904052734375
29.6, 31.482158660888672
9.0, 11.209478378295898
20.4, 14.466818809509277
33.2, 27.833559036254883
26.0, 32.39137649536133
29.6, 27.688867568969727
23.6, 24.212322235107422
8.0, 10.056081771850586
30.2, 35.72874069213867
31.8, 30.10564422607422
25.6, 15.822790145874023
22.8, 13.257665634155273
32.8, 26.665931701660156
26.8, 30.16935157775879
11.8, 13.007120132446289
16.8, 15.779576301574707
30.2, 27.67544937133789
21.6, 21.140668869018555
25.8, 33.482421875
32.6, 72.51073455810547
21.4, 48.78152847290039
26.8, 40.59957504272461
24.2, 37.345001220703125
32.4, 47.39609146118164
27.8, 28.133329391479492
26.0, 16.92141342163086
37.2, 23.826335906982422
14.8, 13.353164672851562
31.4, 18.67252540588379
35.6, 23.963184356689453
27.6, 23.023496627807617
12.2, 6.72066593170166
25.0, 19.256574630737305
28.0, 29.513893127441406
31.6, 48.0689582824707
14.0, 18.79646873474121
26.6, 49.634429931640625
21.2, 27.933334350585938
16.0, 18.730268478393555
23.8, 23.99167251586914
18.8, 15.842571258544922
32.8, 24.869211196899414
10.6, 11.206611633300781
27.6, 18.683494567871094
23.8, 18.07699203491211
31.4, 22.78412437438965
29.2, 23.688505172729492
26.0, 22.01453399658203
32.2, 39.436866760253906
27.8, 22.287900924682617
29.6, 48.352439880371094
9.0, 10.412240982055664
20.4, 20.10866928100586
33.2, 46.952232360839844
26.0, 50.58941650390625
29.6, 42.01869201660156
23.6, 28.813331604003906
8.0, 7.406719207763672
30.2, 36.6904296875
31.8, 30.947542190551758
25.6, 18.305971145629883
22.8, 13.748359680175781
32.8, 25.3200626373291
26.8, 26.769756317138672
11.8, 13.85845947265625
16.8, 18.167282104492188
30.2, 26.782506942749023
21.6, 21.45900535583496
25.8, 27.943674087524414
32.6, 49.004215240478516
21.4, 35.98497009277344
26.8, 30.3531494140625
24.2, 28.47248649597168
32.4, 35.85616683959961
27.8, 24.0908203125
26.0, 18.792707443237305
37.2, 26.95870590209961
14.8, 17.65711784362793
31.4, 21.942405700683594
35.6, 25.512704849243164
27.6, 23.739490509033203
12.2, 9.760143280029297
25.0, 18.704084396362305
28.0, 24.15143585205078
31.6, 36.88275146484375
14.0, 18.508068084716797
26.6, 40.087928771972656
21.2, 25.87874984741211
16.0, 19.344633102416992
23.8, 23.086122512817383
18.8, 17.807666778564453
32.8, 29.58780288696289
10.6, 13.42253303527832
27.6, 26.196353912353516
23.8, 26.653026580810547
31.4, 35.106773376464844
29.2, 32.48078155517578
26.0, 26.18594741821289
32.2, 35.11817169189453
27.8, 19.290035247802734
29.6, 28.52988052368164
9.0, 10.733845710754395
20.4, 15.626070976257324
33.2, 24.437509536743164
26.0, 26.40484619140625
29.6, 24.42251205444336
23.6, 20.986726760864258
8.0, 9.36708927154541
30.2, 31.040142059326172
31.8, 30.09868812561035
25.6, 19.880773544311523
22.8, 16.118555068969727
32.8, 30.26129150390625
26.8, 33.077117919921875
11.8, 13.331607818603516
16.8, 19.944826126098633
30.2, 30.99201202392578
21.6, 22.3466739654541
25.8, 25.048080444335938
32.6, 38.98469161987305
21.4, 27.319486618041992
26.8, 22.189876556396484
24.2, 21.992218017578125
32.4, 28.826740264892578
27.8, 24.091304779052734
26.0, 20.41463279724121
37.2, 37.07701110839844
14.8, 21.933746337890625
31.4, 33.904727935791016
35.6, 43.80122756958008
27.6, 36.38737487792969
12.2, 3.2658069133758545
25.0, 20.749244689941406
28.0, 27.220304489135742
31.6, 37.864505767822266
14.0, 14.821379661560059
26.6, 36.57570266723633
21.2, 21.999094009399414
16.0, 12.824960708618164
23.8, 20.011690139770508
18.8, 13.847448348999023
32.8, 26.85068702697754
10.6, 7.540531158447266
27.6, 26.034770965576172
23.8, 27.11373519897461
31.4, 38.905418395996094
29.2, 38.7065544128418
26.0, 31.637407302856445
32.2, 48.64815139770508
27.8, 24.40827178955078
29.6, 43.368370056152344
9.0, 13.59669017791748
20.4, 19.409055709838867
33.2, 30.774246215820312
26.0, 30.443599700927734
29.6, 26.841506958007812
23.6, 22.39415740966797
8.0, 11.732294082641602
30.2, 30.664382934570312
31.8, 29.094907760620117
25.6, 20.005037307739258
22.8, 18.19538688659668
32.8, 27.465953826904297
26.8, 28.222122192382812
11.8, 13.808309555053711
16.8, 18.454904556274414
30.2, 24.892982482910156
21.6, 19.075685501098633
25.8, 23.96074104309082
32.6, 41.74369812011719
21.4, 29.782747268676758
26.8, 28.157976150512695
24.2, 28.486286163330078
32.4, 33.355613708496094
27.8, 24.555463790893555
26.0, 19.08302116394043
37.2, 27.273481369018555
14.8, 17.068115234375
31.4, 22.196231842041016
35.6, 27.025257110595703
27.6, 24.311296463012695
12.2, 6.2886247634887695
25.0, 19.201736450195312
28.0, 27.3771915435791
31.6, 39.650543212890625
14.0, 16.224897384643555
26.6, 47.758609771728516
21.2, 28.07011604309082
16.0, 22.967676162719727
23.8, 27.858383178710938
18.8, 19.634374618530273
32.8, 30.04863929748535
10.6, 8.124116897583008
27.6, 21.658979415893555
23.8, 17.482332229614258
31.4, 25.096982955932617
29.2, 28.796648025512695
26.0, 27.311784744262695
32.2, 43.47243118286133
27.8, 26.246591567993164
29.6, 49.41343688964844
9.0, 12.085013389587402
20.4, 23.136455535888672
33.2, 40.671939849853516
26.0, 38.90007400512695
29.6, 31.28030776977539
23.6, 22.80229377746582
8.0, 8.290668487548828
30.2, 24.809280395507812
31.8, 23.628374099731445
25.6, 18.652132034301758
22.8, 13.79167652130127
32.8, 25.367835998535156
26.8, 27.52621841430664
11.8, 11.313507080078125
16.8, 20.511518478393555
30.2, 29.93830680847168
21.6, 25.93350601196289
25.8, 31.570966720581055
32.6, 48.38746643066406
21.4, 30.195110321044922
26.8, 17.93173599243164
24.2, 18.289220809936523
32.4, 26.676830291748047
27.8, 27.151443481445312
26.0, 25.198755264282227
37.2, 50.15057373046875
14.8, 27.258474349975586
31.4, 41.241493225097656
35.6, 49.645755767822266
27.6, 39.560585021972656
12.2, 13.721990585327148
25.0, 20.814943313598633
28.0, 23.40918731689453
31.6, 28.74331283569336
14.0, 17.718887329101562
26.6, 27.481687545776367
21.2, 19.771854400634766
16.0, 16.785442352294922
23.8, 18.791837692260742
18.8, 12.921272277832031
32.8, 22.475412368774414
10.6, -14.139008522033691
27.6, 23.37568473815918
23.8, 24.93745231628418
31.4, 34.159873962402344
29.2, 32.11914825439453
26.0, 26.63766860961914
32.2, 40.04676055908203
27.8, 23.56861114501953
29.6, 37.655487060546875
9.0, 10.209956169128418
20.4, 19.18621253967285
33.2, 30.082141876220703
26.0, 30.02756690979004
29.6, 27.080381393432617
23.6, 23.114192962646484
8.0, 6.368939399719238
30.2, 32.180667877197266
31.8, 31.309844970703125
25.6, 21.973388671875
22.8, 19.969026565551758
32.8, 31.675735473632812
26.8, 33.13191604614258
11.8, 16.651498794555664
16.8, 21.20958709716797
30.2, 31.71993637084961
21.6, 23.817031860351562
25.8, 28.0765438079834
32.6, 40.14597702026367
21.4, 27.133440017700195
26.8, 24.13262176513672
24.2, 23.420307159423828
32.4, 27.59890365600586
27.8, 23.278636932373047
26.0, 20.513059616088867
37.2, 29.310813903808594
14.8, 19.822877883911133
31.4, 26.169191360473633
35.6, 33.15107345581055
27.6, 30.767292022705078
12.2, 11.636561393737793
25.0, 22.19843101501465
28.0, 29.488101959228516
31.6, 38.541561126708984
14.0, 16.0888671875
26.6, 39.03047180175781
21.2, 24.110614776611328
16.0, 19.440128326416016
23.8, 22.925817489624023
18.8, 17.4374942779541
32.8, 25.485416412353516
10.6, 12.21384334564209
27.6, 21.5173282623291
23.8, 20.46649742126465
31.4, 24.693965911865234
29.2, 27.404888153076172
26.0, 25.331064224243164
32.2, 42.14669418334961
27.8, 27.206655502319336
29.6, 53.57133483886719
9.0, 11.134696006774902
20.4, 25.876134872436523
33.2, 51.87361526489258
26.0, 52.12895965576172
29.6, 44.29585266113281
23.6, 33.057430267333984
8.0, 8.738569259643555
30.2, 40.028560638427734
31.8, 34.529048919677734
25.6, 21.92992401123047
22.8, 15.437841415405273
32.8, 24.762910842895508
26.8, 23.84823226928711
11.8, 5.968912601470947
16.8, 14.117368698120117
30.2, 23.95457649230957
21.6, 21.444766998291016
25.8, 25.662599563598633
32.6, 40.248531341552734
21.4, 33.30031204223633
26.8, 32.13228225708008
24.2, 32.9578857421875
32.4, 44.5068473815918
27.8, 33.15617752075195
26.0, 26.141765594482422
37.2, 37.41299057006836
14.8, 22.971492767333984
31.4, 26.69987678527832
35.6, 28.725177764892578
27.6, 25.8099422454834
12.2, 11.492901802062988
25.0, 20.766002655029297
28.0, 23.074905395507812
31.6, 28.090068817138672
14.0, 19.8617000579834
26.6, 29.906713485717773
21.2, 23.353994369506836
16.0, 21.022077560424805
23.8, 23.503877639770508
18.8, 20.511045455932617
32.8, 27.18123435974121
10.6, 15.182779312133789
27.6, 23.84745979309082
23.8, 23.315853118896484
31.4, 28.090848922729492
29.2, 26.93166732788086
26.0, 24.72330665588379
32.2, 36.32468032836914
27.8, 24.46412467956543
29.6, 41.198760986328125
9.0, 10.909378051757812
20.4, 22.509464263916016
33.2, 37.638397216796875
26.0, 37.91706848144531
29.6, 33.48246383666992
23.6, 26.2593936920166
8.0, 8.035124778747559
30.2, 30.259418487548828
31.8, 26.762908935546875
25.6, 19.870765686035156
22.8, 17.650753021240234
32.8, 22.538589477539062
26.8, 22.204336166381836
11.8, 10.37768268585205
16.8, 18.476749420166016
30.2, 22.447572708129883
21.6, 20.194738388061523
25.8, 22.95602798461914
32.6, 32.23772430419922
21.4, 28.508607864379883
26.8, 28.003868103027344
24.2, 28.923494338989258
32.4, 38.63739776611328
27.8, 29.93560028076172
26.0, 24.228361129760742
37.2, 36.19212341308594
14.8, 23.328907012939453
31.4, 30.217121124267578
35.6, 35.884517669677734
27.6, 32.00265121459961
12.2, 8.244085311889648
25.0, 22.525371551513672
28.0, 26.503097534179688
31.6, 34.32846450805664
14.0, 19.90422248840332
26.6, 33.14655685424805
21.2, 24.253015518188477
16.0, 21.02370834350586
23.8, 23.652807235717773
18.8, 19.954809188842773
32.8, 26.274967193603516
10.6, 10.381948471069336
27.6, 23.19745445251465
23.8, 22.881885528564453
31.4, 27.826417922973633
29.2, 26.97381591796875
26.0, 24.880460739135742
32.2, 36.909446716308594
27.8, 25.174644470214844
29.6, 43.19932556152344
9.0, -66.70767211914062
20.4, 23.83086395263672
33.2, 43.839290618896484
26.0, 45.07070541381836
29.6, 40.106815338134766
23.6, 30.742158889770508
8.0, 15.007858276367188
30.2, 36.33049011230469
31.8, 31.31106185913086
25.6, 21.111581802368164
22.8, 19.554515838623047
32.8, 25.264408111572266
26.8, 25.619169235229492
11.8, 18.402067184448242
16.8, 20.145627975463867
30.2, 24.99639892578125
21.6, 21.208209991455078
25.8, 25.534414291381836
32.6, 40.912841796875
21.4, 31.70612144470215
26.8, 30.197261810302734
24.2, 30.398176193237305
32.4, 38.03744888305664
27.8, 28.77404022216797
26.0, 22.87348747253418
37.2, 31.1636905670166
14.8, 21.168081283569336
31.4, 24.89617347717285
35.6, 29.006452560424805
27.6, 26.268585205078125
12.2, 14.925121307373047
25.0, 20.637760162353516
28.0, 23.991008758544922
31.6, 29.889429092407227
14.0, 18.995912551879883
26.6, 32.80058288574219
21.2, 23.47640037536621
16.0, 19.62884521484375
23.8, 23.534055709838867
18.8, 18.866901397705078
32.8, 27.485679626464844
10.6, 10.333250045776367
27.6, 23.22686767578125
23.8, 23.662817001342773
31.4, 31.313039779663086
29.2, 31.152692794799805
26.0, 26.912277221679688
32.2, 42.74142837524414
27.8, 25.641080856323242
29.6, 43.9760856628418
9.0, 13.640684127807617
20.4, 21.401294708251953
33.2, 36.75105667114258
26.0, 35.17031478881836
29.6, 29.511375427246094
23.6, 23.841758728027344
8.0, 7.013115882873535
30.2, 28.208541870117188
31.8, 27.136198043823242
25.6, 20.433677673339844
22.8, 19.052875518798828
32.8, 31.990192413330078
26.8, 41.43507766723633
11.8, 18.14617347717285
16.8, 10.377710342407227
30.2, 21.50078010559082
21.6, 25.88261604309082
25.8, 33.564022064208984
32.6, 36.86635208129883
21.4, 2.805779218673706
26.8, 0.03573271632194519
24.2, 5.531958103179932
32.4, 16.3906192779541
27.8, 31.08978271484375
26.0, 27.151622772216797
37.2, 45.18290710449219
14.8, 21.332275390625
31.4, 20.95922088623047
35.6, 22.230945587158203
27.6, 22.677682876586914
12.2, 16.145605087280273
25.0, 19.25177764892578
28.0, 24.20718002319336
31.6, 35.05908966064453
14.0, 17.80754852294922
26.6, 34.49457931518555
21.2, 20.597684860229492
16.0, 17.631898880004883
23.8, 20.26575469970703
18.8, 16.721668243408203
32.8, 25.738101959228516
10.6, 15.401992797851562
27.6, 24.53668975830078
23.8, 25.64570426940918
31.4, 35.55568313598633
29.2, 30.985008239746094
26.0, 23.44101905822754
32.2, 35.34697341918945
27.8, 20.34747314453125
29.6, 33.584503173828125
9.0, 14.47064208984375
20.4, 16.520042419433594
33.2, 27.47987174987793
26.0, 29.516647338867188
29.6, 22.585084915161133
23.6, 19.296897888183594
8.0, 12.647836685180664
30.2, 31.008493423461914
31.8, -37.3714714050293
25.6, -13.963552474975586
22.8, 8.979375839233398
32.8, 19.531450271606445
26.8, 27.012521743774414
11.8, 13.058721542358398
16.8, 14.680081367492676
30.2, 19.82520866394043
21.6, 16.793506622314453
25.8, 22.6766357421875
32.6, 44.91495132446289
21.4, 34.36753845214844
26.8, 31.413494110107422
24.2, 31.476749420166016
32.4, 41.41716003417969
27.8, 25.928184509277344
26.0, 19.120006561279297
37.2, 33.35687255859375
14.8, 19.01696014404297
31.4, 27.686979293823242
35.6, 38.4842414855957
27.6, 32.69080352783203
12.2, 10.767571449279785
25.0, 18.517715454101562
28.0, 25.70050621032715
31.6, 40.90895080566406
14.0, 16.175447463989258
26.6, 42.10017776489258
21.2, 21.660167694091797
16.0, 16.18850326538086
23.8, 19.009286880493164
18.8, 14.225531578063965
32.8, 24.274255752563477
10.6, 13.099125862121582
27.6, 22.596315383911133
23.8, 23.858293533325195
31.4, 34.5710563659668
29.2, 28.713552474975586
26.0, 23.5065975189209
32.2, 44.182830810546875
27.8, 22.8023681640625
29.6, 52.760108947753906
9.0, 12.330806732177734
20.4, 18.100011825561523
33.2, 45.3233757019043
26.0, 45.14057159423828
29.6, 33.37767028808594
23.6, 18.76923942565918
8.0, 10.449628829956055
30.2, 20.604045867919922
31.8, 17.542221069335938
25.6, 14.873281478881836
22.8, 12.666964530944824
32.8, 22.300006866455078
26.8, 23.151037216186523
11.8, 8.437211990356445
16.8, 17.607208251953125
30.2, 35.229759216308594
21.6, 23.488080978393555
25.8, 30.949155807495117
32.6, 52.950618743896484
21.4, 31.76354217529297
26.8, 24.546554565429688
24.2, 25.076095581054688
32.4, 33.937137603759766
27.8, 22.47339630126953
26.0, 16.896991729736328
37.2, 29.199377059936523
14.8, 15.96984577178955
31.4, 23.539506912231445
35.6, 31.006103515625
27.6, 28.210357666015625
12.2, 11.095280647277832
25.0, 17.71312713623047
28.0, 25.080734252929688
31.6, 39.259361267089844
14.0, 13.78828239440918
26.6, 45.32497024536133
21.2, 25.323881149291992
16.0, 17.804819107055664
23.8, 25.918333053588867
18.8, 16.64125633239746
32.8, 33.559810638427734
10.6, 12.342955589294434
27.6, 22.9460506439209
23.8, 20.685161590576172
31.4, 27.808807373046875
29.2, 26.86316680908203
26.0, 23.031343460083008
32.2, 41.31399917602539
27.8, 22.672815322875977
29.6, 49.09868621826172
9.0, 11.859854698181152
20.4, 18.801437377929688
33.2, 45.28577423095703
26.0, 47.53203582763672
29.6, 40.19422149658203
23.6, 27.110872268676758
8.0, -0.022728219628334045
30.2, 37.9856071472168
31.8, 33.51552963256836
25.6, 17.97438621520996
22.8, 14.486907958984375
32.8, 25.566776275634766
26.8, 26.066858291625977
11.8, 13.416574478149414
16.8, 16.33097267150879
30.2, 32.22844696044922
21.6, 22.78289031982422
25.8, 26.233211517333984
32.6, 31.862436294555664
21.4, 24.470762252807617
26.8, 18.30934715270996
24.2, 18.82904624938965
32.4, 34.6955451965332
27.8, 25.371129989624023
26.0, 21.526012420654297
37.2, 54.03706359863281
14.8, 21.692338943481445
31.4, 14.638219833374023
35.6, 21.185401916503906
27.6, 30.41600227355957
12.2, 11.41262149810791
25.0, 18.703872680664062
28.0, 27.410358428955078
31.6, 56.40485382080078
14.0, 16.018722534179688
26.6, 48.81754684448242
21.2, 25.054380416870117
16.0, 14.670963287353516
23.8, 18.905075073242188
18.8, 14.964842796325684
32.8, 27.311613082885742
10.6, 12.351886749267578
27.6, 28.953872680664062
23.8, 25.34532356262207
31.4, 32.925025939941406
29.2, 27.37647247314453
26.0, 22.05055809020996
32.2, 32.38251495361328
27.8, 18.393644332885742
29.6, 34.37883758544922
9.0, 10.10498046875
20.4, 14.45704174041748
33.2, 23.919763565063477
26.0, 25.59930992126465
29.6, 24.038862228393555
23.6, 20.2390193939209
8.0, 8.73376178741455
30.2, 34.17947006225586
31.8, 32.86520004272461
25.6, 18.247587203979492
22.8, 14.211315155029297
32.8, 28.85987663269043
26.8, 29.560476303100586
11.8, 11.82093334197998
16.8, 15.876470565795898
30.2, 26.209796905517578
21.6, 19.984895706176758
25.8, 28.25103759765625
32.6, 53.508949279785156
21.4, 38.09154510498047
26.8, 32.48204040527344
24.2, 31.70897674560547
32.4, 43.84861755371094
27.8, 28.617076873779297
26.0, 19.620500564575195
37.2, 30.660247802734375
14.8, 15.974976539611816
31.4, 22.01247787475586
35.6, 26.451435089111328
27.6, 23.57587432861328
12.2, 5.553185939788818
25.0, 16.83263397216797
28.0, 23.02448272705078
31.6, 35.803810119628906
14.0, 13.474478721618652
26.6, 42.86689376831055
21.2, 25.99871063232422
16.0, 19.01189613342285
23.8, 27.25422477722168
18.8, 17.710954666137695
32.8, 36.45772171020508
10.6, 12.225420951843262
27.6, 24.818628311157227
23.8, 22.829870223999023
31.4, 32.5920295715332
29.2, 28.34421157836914
26.0, 23.182544708251953
32.2, 39.39546203613281
27.8, 21.485815048217773
29.6, 43.69789123535156
9.0, 9.888507843017578
20.4, 17.518508911132812
33.2, 37.21247482299805
26.0, 38.5926399230957
29.6, 32.79145812988281
23.6, 22.803869247436523
8.0, 6.931450366973877
30.2, 32.294090270996094
31.8, 29.177555084228516
25.6, 17.83062171936035
22.8, 14.83776569366455
32.8, 27.261993408203125
26.8, 28.02433967590332
11.8, 13.659454345703125
16.8, 16.73389434814453
30.2, 25.94181251525879
21.6, 20.191003799438477
25.8, 27.072708129882812
32.6, 48.75410842895508
21.4, 35.931884765625
26.8, 31.154592514038086
24.2, 30.98314094543457
32.4, 43.2534065246582
27.8, 29.0980224609375
26.0, 20.728925704956055
37.2, 33.051475524902344
14.8, 17.729930877685547
31.4, 23.940237045288086
35.6, 28.341672897338867
27.6, 25.235397338867188
12.2, 10.831737518310547
25.0, 18.12155532836914
28.0, 22.95516014099121
31.6, 32.74883270263672
14.0, 15.682120323181152
26.6, 34.29869079589844
21.2, 21.50764274597168
16.0, 17.073143005371094
23.8, 21.37809944152832
18.8, 16.334083557128906
32.8, 27.798446655273438
10.6, 11.846312522888184
27.6, 23.537702560424805
23.8, 22.462486267089844
31.4, 31.402193069458008
29.2, 30.218904495239258
26.0, 24.5645751953125
32.2, 37.35441970825195
27.8, 21.678865432739258
29.6, 40.27370834350586
9.0, 9.32335090637207
20.4, 17.77386474609375
33.2, 32.874637603759766
26.0, 36.025001525878906
29.6, 32.98411560058594
23.6, 24.529888153076172
8.0, 8.304931640625
30.2, 31.16245460510254
31.8, 28.27090072631836
25.6, 17.646303176879883
22.8, 14.268394470214844
32.8, 23.691078186035156
26.8, 22.40976333618164
11.8, 9.135558128356934
16.8, 15.975055694580078
30.2, 24.642518997192383
21.6, 20.424686431884766
25.8, 28.254533767700195
32.6, 53.24623107910156
21.4, 40.85090255737305
26.8, 36.578609466552734
24.2, 37.54379653930664
32.4, 55.888885498046875
27.8, 37.21319580078125
26.0, 25.88712501525879
37.2, 46.20671463012695
14.8, 21.79785919189453
31.4, 30.213348388671875
35.6, 35.49345397949219
27.6, 31.048620223999023
12.2, 8.913047790527344
25.0, 19.703369140625
28.0, 24.402368545532227
31.6, 34.080570220947266
14.0, 16.557371139526367
26.6, 33.585025787353516
21.2, 21.40516471862793
16.0, 17.3793888092041
23.8, 21.058679580688477
18.8, 16.56843376159668
32.8, 25.94257354736328
10.6, 9.683696746826172
27.6, 22.921764373779297
23.8, 22.88604736328125
31.4, 32.08605194091797
29.2, 30.663978576660156
26.0, 25.925979614257812
32.2, 40.91958236694336
27.8, 24.14786720275879
29.6, 44.93865966796875
9.0, 10.830781936645508
20.4, 20.60688018798828
33.2, 37.32790756225586
26.0, 37.36005401611328
29.6, 31.420730590820312
23.6, 23.535398483276367
8.0, 10.62070369720459
30.2, 29.21818733215332
31.8, 26.890504837036133
25.6, 18.367849349975586
22.8, 16.19403839111328
32.8, 23.759492874145508
26.8, 23.150617599487305
11.8, 15.180455207824707
16.8, 16.848400115966797
30.2, 22.083528518676758
21.6, 17.960771560668945
25.8, 22.039791107177734
32.6, 35.307395935058594
21.4, 28.142526626586914
26.8, 25.386688232421875
24.2, 27.039817810058594
32.4, 38.00220489501953
27.8, 27.673227310180664
26.0, 22.120569229125977
37.2, 37.71228790283203
14.8, 20.213485717773438
31.4, 28.929216384887695
35.6, 35.56060791015625
27.6, 31.853872299194336
12.2, 8.877633094787598
25.0, 20.83409881591797
28.0, 27.173799514770508
31.6, 38.361419677734375
14.0, 16.206985473632812
26.6, 39.65936279296875
21.2, 23.281021118164062
16.0, 18.513574600219727
23.8, 24.047225952148438
18.8, 17.794336318969727
32.8, 28.557220458984375
10.6, 10.43549633026123
27.6, 23.58098602294922
23.8, 22.50164794921875
31.4, 29.97957420349121
29.2, 31.64689064025879
26.0, 27.30475425720215
32.2, 41.705970764160156
27.8, 24.77783203125
29.6, 45.50465774536133
9.0, 13.308517456054688
20.4, 21.179719924926758
33.2, 40.51870346069336
26.0, 41.88510513305664
29.6, 35.431495666503906
23.6, 26.43096351623535
8.0, 11.127887725830078
30.2, 33.24343490600586
31.8, 29.05464744567871
25.6, 18.366655349731445
22.8, 15.63119125366211
32.8, 22.934419631958008
26.8, 21.393627166748047
11.8, 13.1630277633667
16.8, 14.875858306884766
30.2, 20.144182205200195
21.6, 16.976408004760742
25.8, 20.559839248657227
32.6, 31.79009246826172
21.4, 26.360727310180664
26.8, 25.03427505493164
24.2, 27.017662048339844
32.4, 40.3174934387207
27.8, 30.371871948242188
26.0, 23.63135528564453
37.2, 40.849945068359375
14.8, 20.81328582763672
31.4, 30.703052520751953
35.6, 38.119930267333984
27.6, 31.884462356567383
12.2, 12.60378360748291
25.0, 19.577545166015625
28.0, 23.302978515625
31.6, 28.664453506469727
14.0, 12.784782409667969
26.6, 30.759113311767578
21.2, 19.56365966796875
16.0, 16.84434700012207
23.8, 21.808767318725586
18.8, 17.290740966796875
32.8, 30.929899215698242
10.6, 11.45361042022705
27.6, 26.84832763671875
23.8, 26.255168914794922
31.4, 35.9609489440918
29.2, 32.55500793457031
26.0, 26.12818145751953
32.2, 39.31483840942383
27.8, 21.946720123291016
29.6, 37.10629653930664
9.0, 5.520630836486816
20.4, 17.575681686401367
33.2, 30.82135581970215
26.0, 33.09870147705078
29.6, 30.061004638671875
23.6, 23.43038558959961
8.0, 6.484278202056885
30.2, 34.30360794067383
31.8, 32.93537139892578
25.6, 20.48915672302246
22.8, 17.390535354614258
32.8, 28.65373992919922
26.8, 28.348772048950195
11.8, 15.27842903137207
16.8, 18.397687911987305
30.2, 24.99211883544922
21.6, 20.123458862304688
25.8, 24.187097549438477
32.6, 37.82074737548828
21.4, 29.255935668945312
26.8, 26.891616821289062
24.2, 26.520299911499023
32.4, 34.950191497802734
27.8, 25.95121192932129
26.0, 21.201326370239258
37.2, 31.630538940429688
14.8, 19.18217658996582
31.4, 25.522666931152344
35.6, 30.601848602294922
27.6, 27.71986961364746
12.2, 13.072218894958496
25.0, 19.679012298583984
28.0, 23.22113037109375
31.6, 28.89179801940918
14.0, 15.005176544189453
26.6, 30.458236694335938
21.2, 20.291336059570312
16.0, 16.064680099487305
23.8, 21.518362045288086
18.8, 16.132837295532227
32.8, 28.725746154785156
10.6, 11.122387886047363
27.6, 25.304611206054688
23.8, 24.231971740722656
31.4, 31.775753021240234
29.2, 29.308164596557617
26.0, 22.683507919311523
32.2, 34.72734832763672
27.8, 19.140573501586914
29.6, 34.00151824951172
9.0, 8.718074798583984
20.4, 15.109589576721191
33.2, 28.253095626831055
26.0, 30.899185180664062
29.6, 27.990175247192383
23.6, 22.571605682373047
8.0, 9.45531940460205
30.2, 37.10077667236328
31.8, 36.26029968261719
25.6, 20.211849212646484
22.8, 16.168790817260742
32.8, 31.20612335205078
26.8, 30.554353713989258
11.8, 13.043927192687988
16.8, 16.726470947265625
30.2, 27.20680046081543
21.6, 20.93839454650879
25.8, 28.264049530029297
32.6, 49.09326171875
21.4, 35.269718170166016
26.8, 32.07606887817383
24.2, 30.975858688354492
32.4, 42.31331253051758
27.8, 29.971942901611328
26.0, 22.407255172729492
37.2, 33.54196548461914
14.8, 17.46295738220215
31.4, 24.347227096557617
35.6, 28.281787872314453
27.6, 24.80253028869629
12.2, 9.589024543762207
25.0, 19.11712074279785
28.0, 24.304460525512695
31.6, 30.85689926147461
14.0, 12.977982521057129
26.6, 38.414939880371094
21.2, 25.03825569152832
16.0, 19.451356887817383
23.8, 28.446638107299805
18.8, 20.686241149902344
32.8, 38.29269790649414
10.6, 12.400161743164062
27.6, 28.826025009155273
23.8, 25.453603744506836
31.4, 30.623489379882812
29.2, 27.53082275390625
26.0, 23.32703399658203
32.2, 32.56180953979492
27.8, 20.992759704589844
29.6, 33.31047058105469
9.0, 10.11401081085205
20.4, 16.687082290649414
33.2, 28.443157196044922
26.0, 29.7821102142334
29.6, 27.381113052368164
23.6, 22.490924835205078
8.0, 7.882638931274414
30.2, 32.5132942199707
31.8, 31.515695571899414
25.6, 21.114988327026367
22.8, 17.338533401489258
32.8, 31.408536911010742
26.8, 31.68480110168457
11.8, 14.650760650634766
16.8, 20.107929229736328
30.2, 29.937349319458008
21.6, 23.523174285888672
25.8, 28.50430679321289
32.6, 44.34013366699219
21.4, 32.11577606201172
26.8, 28.064838409423828
24.2, 27.240991592407227
32.4, 34.85793685913086
27.8, 25.46038055419922
26.0, 20.781532287597656
37.2, 29.457937240600586
14.8, 17.60092544555664
31.4, 23.156198501586914
35.6, 26.654260635375977
27.6, 24.197458267211914
12.2, 10.253347396850586
25.0, 18.749387741088867
28.0, 22.754323959350586
31.6, 28.42476463317871
14.0, 14.746308326721191
26.6, 32.05449295043945
21.2, 21.271194458007812
16.0, 16.872758865356445
23.8, 22.70800018310547
18.8, 17.281360626220703
32.8, 29.5946102142334
10.6, 11.461755752563477
27.6, 26.352697372436523
23.8, 24.660390853881836
31.4, 31.609697341918945
29.2, 30.527862548828125
26.0, 25.31433868408203
32.2, 35.05543518066406
27.8, 22.0384464263916
29.6, 36.57524108886719
9.0, 9.913224220275879
20.4, 17.24717903137207
33.2, 30.91408348083496
26.0, 32.6409797668457
29.6, 29.981054306030273
23.6, 23.57822036743164
8.0, 8.248519897460938
30.2, 31.41320037841797
31.8, 30.223665237426758
25.6, 19.997285842895508
22.8, 15.447527885437012
32.8, 28.442110061645508
26.8, 26.62322425842285
11.8, 9.612818717956543
16.8, 17.648778915405273
30.2, 29.08041000366211
21.6, 23.276460647583008
25.8, 29.72629737854004
32.6, 49.49939727783203
21.4, 35.25402069091797
26.8, 31.485841751098633
24.2, 31.29169464111328
32.4, 42.77493667602539
27.8, 30.5932674407959
26.0, 23.77975845336914
37.2, 34.822872161865234
14.8, 19.028240203857422
31.4, 25.616247177124023
35.6, 29.585683822631836
27.6, 26.037858963012695
12.2, 9.76667308807373
25.0, 20.402780532836914
28.0, 24.71811294555664
31.6, 30.755842208862305
14.0, 12.998619079589844
26.6, 38.31623840332031
21.2, 24.27176856994629
16.0, 19.77188491821289
23.8, 28.978771209716797
18.8, 21.421903610229492
32.8, 39.7071647644043
10.6, 13.042391777038574
27.6, 29.993881225585938
23.8, 26.223369598388672
31.4, 32.015052795410156
29.2, 28.065452575683594
26.0, 23.393753051757812
32.2, 31.307025909423828
27.8, 21.04057502746582
29.6, 32.594993591308594
9.0, 9.419462203979492
20.4, 17.71880531311035
33.2, 28.51701545715332
26.0, 29.534564971923828
29.6, 27.28249740600586
23.6, 22.839675903320312
8.0, 7.655712604522705
30.2, 32.66357421875
31.8, 32.3916130065918
25.6, 21.259418487548828
22.8, 17.63007926940918
32.8, 29.9495849609375
26.8, 29.1114501953125
11.8, 15.071444511413574
16.8, 18.38981819152832
30.2, 26.46428871154785
21.6, 20.932676315307617
25.8, 25.212787628173828
32.6, 39.079166412353516
21.4, 30.1021728515625
26.8, 27.384687423706055
24.2, 27.48762321472168
32.4, 36.58827590942383
27.8, 27.3509578704834
26.0, 22.633014678955078
37.2, 33.75676345825195
14.8, 19.5895938873291
31.4, 26.54570770263672
35.6, 31.81620216369629
27.6, 29.008390426635742
12.2, 11.683107376098633
25.0, 21.559993743896484
28.0, 25.782392501831055
31.6, 32.43699264526367
14.0, 16.923219680786133
26.6, 32.68828582763672
21.2, 20.807453155517578
16.0, 16.576339721679688
23.8, 22.971940994262695
18.8, 18.19891929626465
32.8, 29.26808738708496
10.6, 11.394647598266602
27.6, 26.704408645629883
23.8, 24.688983917236328
31.4, 29.257610321044922
29.2, 32.510902404785156
26.0, 27.857934951782227
32.2, 38.68307876586914
27.8, 24.487812042236328
29.6, 39.574012756347656
9.0, 9.406291007995605
20.4, 19.149738311767578
33.2, 32.27192306518555
26.0, 33.46588134765625
29.6, 30.87534523010254
23.6, 24.736286163330078
8.0, 7.533904552459717
30.2, 27.91423225402832
31.8, 29.64221954345703
25.6, 21.29193878173828
22.8, 17.72063636779785
32.8, 31.67886734008789
26.8, 30.26674461364746
11.8, 13.68343734741211
16.8, 17.86395263671875
30.2, 28.658267974853516
21.6, 22.48912239074707
25.8, 26.63344955444336
32.6, 38.01004409790039
21.4, 26.60236358642578
26.8, 23.79279899597168
24.2, 22.852420806884766
32.4, 30.295612335205078
27.8, 26.20273208618164
26.0, 24.040849685668945
37.2, 37.427040100097656
14.8, 18.77644920349121
31.4, 29.458866119384766
35.6, 36.51053237915039
27.6, 30.544960021972656
12.2, 10.974692344665527
25.0, 22.42176055908203
28.0, 25.871477127075195
31.6, 27.634374618530273
14.0, 13.862175941467285
26.6, 35.37470245361328
21.2, 23.24515724182129
16.0, 16.0957088470459
23.8, 25.908416748046875
18.8, 19.878786087036133
32.8, 29.74627113342285
10.6, 9.431008338928223
27.6, 25.498592376708984
23.8, 21.551427841186523
31.4, 26.478137969970703
29.2, 33.738609313964844
26.0, 28.97804069519043
32.2, 42.90620040893555
27.8, 28.280372619628906
29.6, 46.4731330871582
9.0, 11.30142879486084
20.4, 21.949527740478516
33.2, 36.850528717041016
26.0, 34.90571212768555
29.6, 30.86233139038086
23.6, 23.512907028198242
8.0, 9.684218406677246
30.2, 27.673948287963867
31.8, 26.448945999145508
25.6, 18.36663818359375
22.8, 15.15921688079834
32.8, 24.40715789794922
26.8, 22.577613830566406
11.8, 10.779491424560547
16.8, 14.655184745788574
30.2, 25.015216827392578
21.6, 21.021034240722656
25.8, 27.416763305664062
32.6, 43.21094512939453
21.4, 35.153907775878906
26.8, 31.983779907226562
24.2, 33.78916549682617
32.4, 47.614105224609375
27.8, 34.457183837890625
26.0, 26.861024856567383
37.2, 41.494815826416016
14.8, 22.63113021850586
31.4, 28.939735412597656
35.6, 32.0687255859375
27.6, 28.624740600585938
12.2, 13.658773422241211
25.0, 20.152244567871094
28.0, 22.059471130371094
31.6, 25.541122436523438
14.0, 17.04728889465332
26.6, 24.774269104003906
21.2, 19.354915618896484
16.0, 16.651399612426758
23.8, 20.765602111816406
18.8, 16.82720184326172
32.8, 25.49098777770996
10.6, 10.706130027770996
27.6, 23.60459327697754
23.8, 23.33622169494629
31.4, 29.838247299194336
29.2, 28.558975219726562
26.0, 25.78400421142578
32.2, 40.001243591308594
27.8, 26.064796447753906
29.6, 46.307472229003906
9.0, 8.160691261291504
20.4, 24.337549209594727
33.2, 46.62290954589844
26.0, 48.696800231933594
29.6, 44.22370147705078
23.6, 33.83582305908203
8.0, 10.02873420715332
30.2, 45.45158767700195
31.8, 40.4412727355957
25.6, 24.921234130859375
22.8, 19.79099464416504
32.8, 31.518369674682617
26.8, 29.880714416503906
11.8, 15.381300926208496
16.8, 19.079103469848633
30.2, 25.719614028930664
21.6, 20.96739387512207
25.8, 23.901411056518555
32.6, 31.946430206298828
21.4, 27.014375686645508
26.8, 25.184656143188477
24.2, 26.22429656982422
32.4, 33.90172576904297
27.8, 26.897991180419922
26.0, 23.15909194946289
37.2, 33.929622650146484
14.8, 21.762252807617188
31.4, 29.385009765625
35.6, 35.1447868347168
27.6, 32.632747650146484
12.2, 8.505451202392578
25.0, 23.57105255126953
28.0, 29.279186248779297
31.6, 38.21603775024414
14.0, 18.598703384399414
26.6, 36.54172897338867
21.2, 24.014392852783203
16.0, 16.484830856323242
23.8, 24.448766708374023
18.8, 16.516618728637695
32.8, 27.409496307373047
10.6, 7.8746113777160645
27.6, 23.53164291381836
23.8, 22.68393325805664
31.4, 27.927507400512695
29.2, 26.909440994262695
26.0, 24.63387680053711
32.2, 34.74112319946289
27.8, 25.117919921875
29.6, 39.2764892578125
9.0, 10.073616981506348
20.4, 22.67075538635254
33.2, 37.52670669555664
26.0, 37.8031005859375
29.6, 33.920352935791016
23.6, 27.500093460083008
8.0, 8.701205253601074
30.2, 33.346920013427734
31.8, 30.217708587646484
25.6, 21.13010025024414
22.8, 16.938369750976562
32.8, 26.3046932220459
26.8, 24.713119506835938
11.8, 11.713862419128418
16.8, 16.6950740814209
30.2, 26.3016357421875
21.6, 22.627195358276367
25.8, 27.20496940612793
32.6, 38.15687942504883
21.4, 30.993600845336914
26.8, 28.436304092407227
24.2, 29.554784774780273
32.4, 36.979637145996094
27.8, 28.82855224609375
26.0, 24.49641227722168
37.2, 32.37928771972656
14.8, 20.805316925048828
31.4, 27.070880889892578
35.6, 30.253156661987305
27.6, 27.312511444091797
12.2, 12.729256629943848
25.0, 22.034473419189453
28.0, 25.121715545654297
31.6, 29.301645278930664
14.0, 17.977670669555664
26.6, 30.220531463623047
21.2, 21.03128433227539
16.0, 14.199748992919922
23.8, 24.647890090942383
18.8, 20.06007957458496
32.8, 31.407289505004883
10.6, 11.536913871765137
27.6, 27.617538452148438
23.8, 25.972612380981445
31.4, 30.84787940979004
29.2, 28.200342178344727
26.0, 25.150840759277344
32.2, 34.1297607421875
27.8, 24.005983352661133
29.6, 35.5756950378418
9.0, 3.788254976272583
20.4, 20.71109390258789
33.2, 32.942169189453125
26.0, 34.36909866333008
29.6, 31.50247573852539
23.6, 26.478336334228516
8.0, 6.039238452911377
30.2, 33.54887390136719
31.8, 31.364044189453125
25.6, 22.30029296875
22.8, 18.627107620239258
32.8, 28.701950073242188
26.8, 28.449825286865234
11.8, 16.774015426635742
16.8, 19.76020622253418
30.2, 26.564960479736328
21.6, 22.103191375732422
25.8, 25.114137649536133
32.6, 34.059059143066406
21.4, 27.54003143310547
26.8, 25.53837776184082
24.2, 25.71037483215332
32.4, 31.624988555908203
27.8, 26.034509658813477
26.0, 22.725976943969727
37.2, 32.58821105957031
14.8, 20.80483055114746
31.4, 28.797096252441406
35.6, 34.235931396484375
27.6, 31.58163833618164
12.2, 13.213102340698242
25.0, 22.459362030029297
28.0, 27.422950744628906
31.6, 35.296424865722656
14.0, 17.20911979675293
26.6, 34.1910514831543
21.2, 22.80412483215332
16.0, 17.64447784423828
23.8, 22.722171783447266
18.8, 16.98581886291504
32.8, 28.45780372619629
10.6, 9.844646453857422
27.6, 25.153949737548828
23.8, 24.32889747619629
31.4, 30.691696166992188
29.2, 28.87993621826172
26.0, 25.935800552368164
32.2, 38.14593505859375
27.8, 25.380434036254883
29.6, 42.40462112426758
9.0, 10.5693941116333
20.4, 21.946319580078125
33.2, 39.712867736816406
26.0, 40.35799789428711
29.6, 35.30453109741211
23.6, 27.957571029663086
8.0, 9.400862693786621
30.2, 35.151729583740234
31.8, 31.743391036987305
25.6, 20.68474006652832
22.8, 16.45844268798828
32.8, 26.79351806640625
26.8, 25.589778900146484
11.8, 12.448925018310547
16.8, 16.431108474731445
30.2, 25.226076126098633
21.6, 19.81964111328125
25.8, 25.52794075012207
32.6, 37.92021560668945
21.4, 30.75922966003418
26.8, 29.004390716552734
24.2, 30.153440475463867
32.4, 40.31515121459961
27.8, 30.667875289916992
26.0, 25.210697174072266
37.2, 37.224266052246094
14.8, 20.800796508789062
31.4, 29.141921997070312
35.6, 32.9421272277832
27.6, 28.689491271972656
12.2, 8.23710823059082
25.0, 21.594919204711914
28.0, 24.957809448242188
31.6, 29.607648849487305
14.0, 13.948477745056152
26.6, 31.658288955688477
21.2, 22.639196395874023
16.0, 18.441986083984375
23.8, 24.629695892333984
18.8, 19.58957290649414
32.8, 30.56838035583496
10.6, 10.816483497619629
27.6, 25.438228607177734
23.8, 23.565637588500977
31.4, 28.865562438964844
29.2, 27.807575225830078
26.0, 24.897180557250977
32.2, 34.10334777832031
27.8, 24.546314239501953
29.6, 37.79927444458008
9.0, 7.650357246398926
20.4, 21.278949737548828
33.2, 36.37135314941406
26.0, 37.54866027832031
29.6, 33.42327117919922
23.6, 26.939773559570312
8.0, 8.725798606872559
30.2, 33.95063400268555
31.8, 30.947206497192383
25.6, 21.828569412231445
22.8, 17.524799346923828
32.8, 27.112876892089844
26.8, 25.804412841796875
11.8, 13.138538360595703
16.8, 17.5867977142334
30.2, 24.946733474731445
21.6, 19.638158798217773
25.8, 24.10346031188965
32.6, 31.983640670776367
21.4, 27.63433837890625
26.8, 25.394636154174805
24.2, 27.636571884155273
32.4, 36.49725341796875
27.8, 28.988344192504883
26.0, 25.19464874267578
37.2, 36.59275436401367
14.8, 19.642751693725586
31.4, 30.73101043701172
35.6, 36.73662567138672
27.6, 31.779294967651367
12.2, 8.920625686645508
25.0, 23.041601181030273
28.0, 27.581235885620117
31.6, 33.41844940185547
14.0, 17.166597366333008
26.6, 32.40950012207031
21.2, 19.97960662841797
16.0, 15.27470874786377
23.8, 23.864837646484375
18.8, 18.3481388092041
32.8, 32.13164138793945
10.6, 10.704643249511719
27.6, 28.97353744506836
23.8, 26.808874130249023
31.4, 33.68202209472656
29.2, 30.61295509338379
26.0, 26.19721794128418
32.2, 32.238677978515625
27.8, 23.291332244873047
29.6, 31.007747650146484
9.0, 6.56667947769165
20.4, 18.198579788208008
33.2, 26.680856704711914
26.0, 27.421083450317383
29.6, 25.52191925048828
23.6, 22.827730178833008
8.0, 8.413607597351074
30.2, 28.4038028717041
31.8, 28.3934268951416
25.6, 22.687957763671875
22.8, 19.599609375
32.8, 29.24510383605957
26.8, 29.266061782836914
11.8, 15.104619979858398
16.8, 20.67362403869629
30.2, 28.835100173950195
21.6, 23.96224021911621
25.8, 27.689693450927734
32.6, 36.25360107421875
21.4, 28.856287002563477
26.8, 26.233917236328125
24.2, 26.69880485534668
32.4, 31.997770309448242
27.8, 26.775970458984375
26.0, 24.260221481323242
37.2, 32.86542892456055
14.8, 19.23824691772461
31.4, 28.703128814697266
35.6, 32.90584182739258
27.6, 29.991832733154297
12.2, 9.249252319335938
25.0, 24.344152450561523
28.0, 28.47743797302246
31.6, 32.96779251098633
14.0, 15.617693901062012
26.6, 31.851268768310547
21.2, 21.302650451660156
16.0, 15.892415046691895
23.8, 20.423288345336914
18.8, 18.65669059753418
32.8, 28.635770797729492
10.6, 9.418851852416992
27.6, 27.201675415039062
23.8, 25.684162139892578
31.4, 31.296913146972656
29.2, 32.40999984741211
26.0, 29.26056671142578
32.2, 38.36112594604492
27.8, 27.894786834716797
29.6, 40.30043029785156
9.0, 10.340841293334961
20.4, 23.635831832885742
33.2, 33.3234748840332
26.0, 32.75487518310547
29.6, 29.01886558532715
23.6, 24.425416946411133
8.0, 9.042816162109375
30.2, 27.81821060180664
31.8, 26.83635902404785
25.6, 21.26784324645996
22.8, 18.396656036376953
32.8, 25.068363189697266
26.8, 24.246530532836914
11.8, 10.405769348144531
16.8, 17.394197463989258
30.2, 25.328411102294922
21.6, 21.425315856933594
25.8, 25.87973976135254
32.6, 33.5201416015625
21.4, 27.85047149658203
26.8, 26.523414611816406
24.2, 27.42826271057129
32.4, 34.20599365234375
27.8, 28.625991821289062
26.0, 25.59995460510254
37.2, 33.41478729248047
14.8, 19.419513702392578
31.4, 28.304372787475586
35.6, 31.34769630432129
27.6, 27.29449462890625
12.2, 11.776289939880371
25.0, 24.508872985839844
28.0, 27.39839744567871
31.6, 30.222440719604492
14.0, 12.505000114440918
26.6, 37.2864875793457
21.2, 26.426902770996094
16.0, 25.022050857543945
23.8, 30.36008071899414
18.8, 25.76602554321289
32.8, 40.555633544921875
10.6, 15.883030891418457
27.6, 33.019142150878906
23.8, 28.994836807250977
31.4, 34.64932632446289
29.2, 30.834732055664062
26.0, 26.786418914794922
32.2, 30.737852096557617
27.8, 23.993337631225586
29.6, 30.490951538085938
9.0, 9.816271781921387
20.4, 20.022470474243164
33.2, 26.177810668945312
26.0, 26.674325942993164
29.6, 25.837417602539062
23.6, 22.77261734008789
8.0, 8.094096183776855
30.2, 27.02277183532715
31.8, 26.98874282836914
25.6, 22.571725845336914
22.8, 19.87392234802246
32.8, 27.625324249267578
26.8, 27.269851684570312
11.8, 14.13209342956543
16.8, 17.948183059692383
30.2, 26.779396057128906
21.6, 23.34034538269043
25.8, 25.308170318603516
32.6, 30.48029136657715
21.4, 26.539716720581055
26.8, 25.734601974487305
24.2, 26.283706665039062
32.4, 31.63380241394043
27.8, 27.775976181030273
26.0, 25.833324432373047
37.2, 35.51884841918945
14.8, 16.451400756835938
31.4, 30.67726707458496
35.6, 36.205772399902344
27.6, 31.827444076538086
12.2, 6.8351593017578125
25.0, 26.220958709716797
28.0, 28.68817901611328
31.6, 28.205902099609375
14.0, 11.416780471801758
26.6, 30.255861282348633
21.2, 15.318726539611816
16.0, 15.887114524841309
23.8, 26.447717666625977
18.8, 22.67766761779785
32.8, 36.70920944213867
10.6, 10.34425163269043
27.6, 32.404014587402344
23.8, 29.89047622680664
31.4, 37.58430480957031
29.2, 33.76144790649414
26.0, 29.017377853393555
32.2, 35.92247009277344
27.8, 25.197021484375
29.6, 33.61256790161133
9.0, 7.790923118591309
20.4, 21.8794002532959
33.2, 26.103853225708008
26.0, 25.838586807250977
29.6, 25.060317993164062
23.6, 23.30034828186035
8.0, 11.305179595947266
30.2, 28.870088577270508
31.8, 28.949514389038086
25.6, 23.817716598510742
22.8, 21.968997955322266
32.8, 30.518875122070312
26.8, 30.76955795288086
11.8, 18.395240783691406
16.8, 20.70328712463379
30.2, 29.49831771850586
21.6, 24.940998077392578
25.8, 28.24227523803711
32.6, 36.04644775390625
21.4, 29.113046646118164
26.8, 27.135957717895508
24.2, 25.672822952270508
32.4, 29.720426559448242
27.8, 25.253515243530273
26.0, 23.067716598510742
37.2, 28.94904899597168
14.8, 15.477042198181152
31.4, 25.072998046875
35.6, 27.80365753173828
27.6, 25.336591720581055
12.2, 11.779534339904785
25.0, 22.20098114013672
28.0, 24.51654815673828
31.6, 28.983394622802734
14.0, 18.509361267089844
26.6, 31.222814559936523
21.2, 25.54541015625
16.0, 21.076078414916992
23.8, 23.994462966918945
18.8, 18.926353454589844
32.8, 27.698272705078125
10.6, 11.71062183380127
27.6, 24.72503662109375
23.8, 21.08824920654297
31.4, 24.836116790771484
29.2, 25.27923011779785
26.0, 24.694026947021484
32.2, 30.449750900268555
27.8, 24.804637908935547
29.6, 37.48462677001953
9.0, 8.438745498657227
20.4, 22.06038475036621
33.2, 38.64129638671875
26.0, 40.580955505371094
29.6, 38.08041000366211
23.6, 30.339025497436523
8.0, 8.695906639099121
30.2, 39.379459381103516
31.8, 36.24842071533203
25.6, 25.085960388183594
22.8, 18.220903396606445
32.8, 30.83146858215332
26.8, 29.404272079467773
11.8, 12.331531524658203
16.8, 13.263275146484375
30.2, 27.58163833618164
21.6, 22.020349502563477
25.8, 26.335668563842773
32.6, 32.244850158691406
21.4, 27.74533462524414
26.8, 26.017610549926758
24.2, 25.763845443725586
32.4, 31.88998031616211
27.8, 27.003978729248047
26.0, 24.620223999023438
37.2, 33.38180160522461
14.8, 14.349834442138672
31.4, 30.469337463378906
35.6, 37.02317428588867
27.6, 34.78786849975586
12.2, 12.285449028015137
25.0, 26.025911331176758
28.0, 29.734216690063477
31.6, 36.735313415527344
14.0, 17.731718063354492
26.6, 33.155303955078125
21.2, 24.716638565063477
16.0, 17.23491096496582
23.8, 22.157114028930664
18.8, 14.385468482971191
32.8, 26.018360137939453
10.6, 6.956149101257324
27.6, 23.917123794555664
23.8, 23.53128433227539
31.4, 27.875551223754883
29.2, 26.61821937561035
26.0, 25.406200408935547
32.2, 34.27817916870117
27.8, 25.57750701904297
29.6, 39.581748962402344
9.0, 10.920207023620605
20.4, 22.15656089782715
33.2, 37.038883209228516
26.0, 37.555999755859375
29.6, 33.675804138183594
23.6, 27.829303741455078
8.0, 6.047232151031494
30.2, 32.97800064086914
31.8, 30.71639633178711
25.6, 22.294233322143555
22.8, 17.19704246520996
32.8, 28.53662872314453
26.8, 28.651264190673828
11.8, 14.588530540466309
16.8, 18.535171508789062
30.2, 26.812252044677734
21.6, 22.381595611572266
25.8, 25.22452735900879
32.6, 31.14519691467285
21.4, 26.801849365234375
26.8, 25.763057708740234
24.2, 25.73331642150879
32.4, 31.18879508972168
27.8, 26.848102569580078
26.0, 24.345237731933594
37.2, 33.761505126953125
14.8, 21.58587074279785
31.4, 30.794857025146484
35.6, 36.458927154541016
27.6, 33.010250091552734
12.2, 11.296468734741211
25.0, 23.997684478759766
28.0, 29.072216033935547
31.6, 35.762577056884766
14.0, 17.154300689697266
26.6, 33.35246276855469
21.2, 24.716800689697266
16.0, 17.121835708618164
23.8, 21.66196632385254
18.8, 15.514949798583984
32.8, 26.677963256835938
10.6, 10.336504936218262
27.6, 24.82904815673828
23.8, 24.3726806640625
31.4, 28.140483856201172
29.2, 27.061777114868164
26.0, 25.69742774963379
32.2, 32.10975646972656
27.8, 25.583637237548828
29.6, 36.9565544128418
9.0, 12.649989128112793
20.4, 22.908702850341797
33.2, 36.35832595825195
26.0, 37.290077209472656
29.6, 34.2237663269043
23.6, 28.68818473815918
8.0, 11.461373329162598
30.2, 33.73632049560547
31.8, 30.683439254760742
25.6, 24.16425132751465
22.8, 18.909631729125977
32.8, 28.32571029663086
26.8, 27.614816665649414
11.8, 13.142444610595703
16.8, 16.269668579101562
30.2, 26.845821380615234
21.6, 22.38084602355957
25.8, 26.43526840209961
32.6, 32.603328704833984
21.4, 27.03705596923828
26.8, 25.96831703186035
24.2, 25.523426055908203
32.4, 29.633682250976562
27.8, 25.969566345214844
26.0, 24.04846954345703
37.2, 30.244943618774414
14.8, 16.496400833129883
31.4, 27.857227325439453
35.6, 31.166889190673828
27.6, 28.6717529296875
12.2, 10.200895309448242
25.0, 22.099538803100586
28.0, 27.2742919921875
31.6, 31.84091567993164
14.0, 14.795634269714355
26.6, 32.37152099609375
21.2, 22.87055778503418
16.0, 16.579044342041016
23.8, 21.4748592376709
18.8, 16.68766975402832
32.8, 29.271514892578125
10.6, 10.323135375976562
27.6, 27.22933578491211
23.8, 24.634197235107422
31.4, 28.01007652282715
29.2, 29.535484313964844
26.0, 27.41295623779297
32.2, 32.026466369628906
27.8, 25.38532066345215
29.6, 34.27102279663086
9.0, 10.520163536071777
20.4, 19.080453872680664
33.2, 34.70414352416992
26.0, 37.49647903442383
29.6, 34.005638122558594
23.6, 28.55542755126953
8.0, 9.595002174377441
30.2, 36.30476760864258
31.8, 34.1696662902832
25.6, 24.43968963623047
22.8, 18.793270111083984
32.8, 28.713455200195312
26.8, 27.19561767578125
11.8, 9.133657455444336
16.8, 15.583545684814453
30.2, 27.929372787475586
21.6, 22.67123794555664
25.8, 28.061288833618164
32.6, 36.11808776855469
21.4, 29.12348747253418
26.8, 28.711942672729492
24.2, 27.765926361083984
32.4, 32.805091857910156
27.8, 27.53687858581543
26.0, 24.918664932250977
37.2, 30.12589454650879
14.8, 16.12894630432129
31.4, 26.761001586914062
35.6, 28.32308578491211
27.6, 25.637592315673828
12.2, 12.524188995361328
25.0, 23.642850875854492
28.0, 25.36728858947754
31.6, 26.295095443725586
14.0, 12.096198081970215
26.6, 29.421737670898438
21.2, 23.419631958007812
16.0, 17.66345977783203
23.8, 25.207685470581055
18.8, 19.48624038696289
32.8, 28.389270782470703
10.6, 11.286725044250488
27.6, 25.90198516845703
23.8, 21.324716567993164
31.4, 25.17368507385254
29.2, 26.033157348632812
26.0, 25.087182998657227
32.2, 30.088985443115234
27.8, 26.025754928588867
29.6, 34.84156799316406
9.0, 8.204995155334473
20.4, 22.660860061645508
33.2, 36.449275970458984
26.0, 38.6710319519043
29.6, 35.21581268310547
23.6, 29.47987174987793
8.0, 6.210449695587158
30.2, 37.95182800292969
31.8, 35.88528060913086
25.6, 26.65986442565918
22.8, 20.082239151000977
32.8, 30.2960147857666
26.8, 28.581653594970703
11.8, 13.268304824829102
16.8, 17.43463897705078
30.2, 26.643077850341797
21.6, 18.051437377929688
25.8, 24.80146026611328
32.6, 28.831628799438477
21.4, 26.288307189941406
26.8, 25.713594436645508
24.2, 25.631301879882812
32.4, 30.756572723388672
27.8, 27.279409408569336
26.0, 25.910131454467773
37.2, 32.97937774658203
14.8, 11.030448913574219
31.4, 31.529508590698242
35.6, 36.749549865722656
27.6, 34.83062744140625
12.2, 13.681501388549805
25.0, 27.069196701049805
28.0, 29.866230010986328
31.6, 34.792903900146484
14.0, 20.191755294799805
26.6, 31.19772720336914
21.2, 23.86656951904297
16.0, 15.412001609802246
23.8, 22.66031265258789
18.8, 19.71427345275879
32.8, 25.36687469482422
10.6, 10.573115348815918
27.6, 24.948740005493164
23.8, 25.2486572265625
31.4, 28.83033561706543
29.2, 27.45717430114746
26.0, 26.415945053100586
32.2, 33.813568115234375
27.8, 25.023420333862305
29.6, 33.819339752197266
9.0, 12.864846229553223
20.4, 22.64307403564453
33.2, 28.79292106628418
26.0, 28.999645233154297
29.6, 26.952369689941406
23.6, 24.337404251098633
8.0, 11.715389251708984
30.2, 27.485883712768555
31.8, 26.56389617919922
25.6, 21.10443878173828
22.8, 16.8814697265625
32.8, 27.515657424926758
26.8, 28.757844924926758
11.8, 15.64717960357666
16.8, 21.149681091308594
30.2, 27.41796875
21.6, 24.257108688354492
25.8, 26.290599822998047
32.6, 32.64037322998047
21.4, 27.14556121826172
26.8, 25.51894760131836
24.2, 24.993877410888672
32.4, 28.043710708618164
27.8, 24.62866973876953
26.0, 21.743671417236328
37.2, 28.85263442993164
14.8, 21.40087127685547
31.4, 26.24669647216797
35.6, 29.712736129760742
27.6, 28.227445602416992
12.2, 8.809412002563477
25.0, 22.30669593811035
28.0, 25.968873977661133
31.6, 32.075042724609375
14.0, 18.074832916259766
26.6, 31.971435546875
21.2, 25.2780704498291
16.0, 19.909984588623047
23.8, 25.132108688354492
18.8, 17.276290893554688
32.8, 27.874710083007812
10.6, 9.242608070373535
27.6, 25.362985610961914
23.8, 25.277759552001953
31.4, 29.3245906829834
29.2, 27.286882400512695
26.0, 25.224390029907227
32.2, 33.09994125366211
27.8, 24.566753387451172
29.6, 34.674217224121094
9.0, 11.413985252380371
20.4, 20.923189163208008
33.2, 32.547664642333984
26.0, 33.38037872314453
29.6, 31.168214797973633
23.6, 26.85076904296875
8.0, 9.774856567382812
30.2, 31.46757698059082
31.8, 29.418033599853516
25.6, 21.863285064697266
22.8, 16.207645416259766
32.8, 26.7398738861084
26.8, 26.72529411315918
11.8, 12.71363353729248
16.8, 17.246034622192383
30.2, 25.73269271850586
21.6, 22.044883728027344
25.8, 25.125885009765625
32.6, 31.44906234741211
21.4, 27.309547424316406
26.8, 26.591400146484375
24.2, 26.7349910736084
32.4, 32.26845932006836
27.8, 27.385663986206055
26.0, 24.30785369873047
37.2, 34.52643966674805
14.8, 22.48458480834961
31.4, 30.672035217285156
35.6, 36.66902542114258
27.6, 33.55158996582031
12.2, 8.38117790222168
25.0, 23.58711814880371
28.0, 29.257469177246094
31.6, 36.984619140625
14.0, 15.887045860290527
26.6, 35.025413513183594
21.2, 26.237327575683594
16.0, 17.225505828857422
23.8, 25.558183670043945
18.8, 14.956445693969727
32.8, 28.033016204833984
10.6, 7.396392822265625
27.6, 23.954139709472656
23.8, 23.15760612487793
31.4, 28.954864501953125
29.2, 27.29840850830078
26.0, 25.543546676635742
32.2, 34.2657356262207
27.8, 25.054092407226562
29.6, 37.29023742675781
9.0, 10.289533615112305
20.4, 20.285539627075195
33.2, 36.77555465698242
26.0, 38.42570114135742
29.6, 35.76670455932617
23.6, 30.12239646911621
8.0, 9.631381034851074
30.2, 37.725154876708984
31.8, 35.17229461669922
25.6, 25.50701904296875
22.8, 19.989362716674805
32.8, 30.293270111083984
26.8, 29.90843963623047
11.8, 13.594157218933105
16.8, 19.525434494018555
30.2, 27.075807571411133
21.6, 23.81001091003418
25.8, 25.788429260253906
32.6, 31.785898208618164
21.4, 27.30728530883789
26.8, 26.472063064575195
24.2, 26.30784034729004
32.4, 31.32331657409668
27.8, 26.754438400268555
26.0, 24.193801879882812
37.2, 32.271549224853516
14.8, 22.75997543334961
31.4, 28.07415199279785
35.6, 31.675500869750977
27.6, 29.168521881103516
12.2, 7.575530529022217
25.0, 23.47503662109375
28.0, 25.879009246826172
31.6, 30.543048858642578
14.0, 13.939678192138672
26.6, 30.14151954650879
21.2, 24.48895835876465
16.0, 17.790054321289062
23.8, 25.09586524963379
18.8, 17.638505935668945
32.8, 28.901588439941406
10.6, 7.487068176269531
27.6, 26.391382217407227
23.8, 26.160858154296875
31.4, 30.349830627441406
29.2, 27.936954498291016
26.0, 25.789508819580078
32.2, 32.53559875488281
27.8, 24.5186710357666
29.6, 33.409873962402344
9.0, 7.548154354095459
20.4, 19.714906692504883
33.2, 31.357585906982422
26.0, 32.27271270751953
29.6, 30.547700881958008
23.6, 26.734399795532227
8.0, 6.758449077606201
30.2, 33.244319915771484
31.8, 32.04838562011719
25.6, 24.69414520263672
22.8, 18.980241775512695
32.8, 29.520051956176758
26.8, 29.029325485229492
11.8, 11.622183799743652
16.8, 17.89825439453125
30.2, 27.51381492614746
21.6, 24.179994583129883
25.8, 26.932592391967773
32.6, 34.38644790649414
21.4, 29.006486892700195
26.8, 28.28655242919922
24.2, 28.0538387298584
32.4, 34.48301696777344
27.8, 28.764293670654297
26.0, 25.43686866760254
37.2, 34.273048400878906
14.8, 24.099454879760742
31.4, 29.348560333251953
35.6, 33.221641540527344
27.6, 30.376832962036133
12.2, 9.08621883392334
25.0, 24.265356063842773
28.0, 26.66014289855957
31.6, 31.564456939697266
14.0, 15.778278350830078
26.6, 30.964786529541016
21.2, 24.96697235107422
16.0, 19.103801727294922
23.8, 25.50400733947754
18.8, 18.986169815063477
32.8, 29.209562301635742
10.6, 8.641584396362305
27.6, 26.53346824645996
23.8, 26.240705490112305
31.4, 30.18813705444336
29.2, 27.81932258605957
26.0, 25.741212844848633
32.2, 32.03429412841797
27.8, 24.48914337158203
29.6, 32.868125915527344
9.0, 8.402107238769531
20.4, 19.925275802612305
33.2, 30.912111282348633
26.0, 31.735103607177734
29.6, 30.10382080078125
23.6, 26.523223876953125
8.0, 7.605278015136719
30.2, 32.657676696777344
31.8, 31.542999267578125
25.6, 24.64256477355957
22.8, 19.145004272460938
32.8, 29.272624969482422
26.8, 28.78921890258789
11.8, 12.21990966796875
16.8, 17.875944137573242
30.2, 27.35076904296875
21.6, 24.06051254272461
25.8, 26.76316261291504
32.6, 33.77255630493164
21.4, 28.630290985107422
26.8, 27.963865280151367
24.2, 27.733488082885742
32.4, 33.756134033203125
27.8, 28.3765811920166
26.0, 25.26423454284668
37.2, 33.52033996582031
14.8, 23.74302864074707
31.4, 28.88063621520996
35.6, 32.472755432128906
27.6, 29.764556884765625
12.2, 9.37986946105957
25.0, 24.101346969604492
28.0, 26.306556701660156
31.6, 30.843297958374023
14.0, 15.069616317749023
26.6, 30.28703498840332
21.2, 24.71150016784668
16.0, 18.237178802490234
23.8, 25.21974754333496
18.8, 18.360368728637695
32.8, 28.7056941986084
10.6, 8.97065544128418
27.6, 26.297321319580078
23.8, 26.021259307861328
31.4, 29.720977783203125
29.2, 27.55790138244629
26.0, 25.638736724853516
32.2, 31.582780838012695
27.8, 24.466293334960938
29.6, 32.48671340942383
9.0, 8.889947891235352
20.4, 19.800735473632812
33.2, 30.693525314331055
26.0, 31.467039108276367
29.6, 29.898542404174805
23.6, 26.47466468811035
8.0, 8.184371948242188
30.2, 32.41899108886719
31.8, 31.357816696166992
25.6, 24.66486930847168
22.8, 19.11231231689453
32.8, 29.124183654785156
26.8, 28.580408096313477
11.8, 12.20683479309082
16.8, 17.434459686279297
30.2, 27.21799659729004
21.6, 23.652076721191406
25.8, 26.655128479003906
32.6, 33.355552673339844
21.4, 28.350666046142578
26.8, 27.75373077392578
24.2, 27.532901763916016
32.4, 33.2794075012207
27.8, 28.147048950195312
26.0, 25.188980102539062
37.2, 33.06035232543945
14.8, 23.09574317932129
31.4, 28.607135772705078
35.6, 32.02965545654297
27.6, 29.373666763305664
12.2, 9.458456993103027
25.0, 23.95145606994629
28.0, 26.107152938842773
31.6, 30.414461135864258
14.0, 14.405619621276855
26.6, 29.91238784790039
21.2, 24.557193756103516
16.0, 17.56186294555664
23.8, 25.059120178222656
18.8, 18.112274169921875
32.8, 28.41991424560547
10.6, 9.060798645019531
27.6, 26.12907600402832
23.8, 25.81398582458496
31.4, 29.262479782104492
29.2, 27.265573501586914
26.0, 25.487287521362305
32.2, 31.054162979125977
27.8, 24.35188865661621
29.6, 31.980470657348633
9.0, 8.958511352539062
20.4, 19.46474266052246
33.2, 30.31532096862793
26.0, 31.002822875976562
29.6, 29.494325637817383
23.6, 26.280195236206055
8.0, 8.276637077331543
30.2, 32.1286506652832
31.8, 31.173017501831055
25.6, 24.664379119873047
22.8, 19.06107521057129
32.8, 29.08960723876953
26.8, 28.48343849182129
11.8, 12.097762107849121
16.8, 17.00299072265625
30.2, 27.240583419799805
21.6, 23.381515502929688
25.8, 26.721004486083984
32.6, 33.3483772277832
21.4, 28.313331604003906
26.8, 27.788103103637695
24.2, 27.578746795654297
32.4, 33.2595329284668
27.8, 28.20831871032715
26.0, 25.303821563720703
37.2, 33.08872985839844
14.8, 22.666486740112305
31.4, 28.661216735839844
35.6, 32.065242767333984
27.6, 29.337251663208008
12.2, 9.617536544799805
25.0, 23.935903549194336
28.0, 26.15780258178711
31.6, 30.387292861938477
14.0, 13.865092277526855
26.6, 30.02459716796875
21.2, 24.66387367248535
16.0, 17.462425231933594
23.8, 25.26801109313965
18.8, 18.602197647094727
32.8, 28.82809066772461
10.6, 9.502289772033691
27.6, 26.528112411499023
23.8, 26.189016342163086
31.4, 29.768091201782227
29.2, 27.74286460876465
26.0, 25.92750358581543
32.2, 31.735769271850586
27.8, 24.773834228515625
29.6, 32.80705261230469
9.0, 9.511137962341309
20.4, 20.26386833190918
33.2, 31.053796768188477
26.0, 31.714399337768555
29.6, 30.128793716430664
23.6, 26.68541145324707
8.0, 8.549983978271484
30.2, 32.71501541137695
31.8, 31.70310401916504
25.6, 24.90488624572754
22.8, 19.555931091308594
32.8, 29.427879333496094
26.8, 28.719036102294922
11.8, 12.184622764587402
16.8, 17.034109115600586
30.2, 27.430147171020508
21.6, 23.453031539916992
25.8, 26.884302139282227
32.6, 33.56914138793945
21.4, 28.397157669067383
26.8, 27.89519500732422
24.2, 27.6806640625
32.4, 33.360443115234375
27.8, 28.29924201965332
26.0, 25.39562225341797
37.2, 33.17415237426758
14.8, 22.490413665771484
31.4, 28.713722229003906
35.6, 32.123104095458984
27.6, 29.32538604736328
12.2, 9.651233673095703
25.0, 24.0462589263916
28.0, 26.192461013793945
31.6, 30.33397674560547
14.0, 13.82897663116455
26.6, 30.014371871948242
21.2, 24.636764526367188
16.0, 17.241039276123047
23.8, 25.259675979614258
18.8, 18.789865493774414
32.8, 28.842330932617188
10.6, 9.544270515441895
27.6, 26.555435180664062
23.8, 26.18199920654297
31.4, 29.69346809387207
29.2, 27.73003578186035
26.0, 25.950345993041992
32.2, 31.65647315979004
27.8, 24.81475067138672
29.6, 32.7761116027832
9.0, 9.486150741577148
20.4, 20.40448570251465
33.2, 30.979726791381836
26.0, 31.508129119873047
29.6, 29.888668060302734
23.6, 26.493305206298828
8.0, 8.378605842590332
30.2, 32.268516540527344
31.8, 31.2677059173584
25.6, 24.722042083740234
22.8, 19.18852424621582
32.8, 29.026325225830078
26.8, 28.231182098388672
11.8, 11.650845527648926
16.8, 16.170534133911133
30.2, 27.15945053100586
21.6, 23.011262893676758
25.8, 26.80891227722168
32.6, 33.44707489013672
21.4, 28.363574981689453
26.8, 27.956695556640625
24.2, 27.808238983154297
32.4, 33.57461929321289
27.8, 28.5200252532959
26.0, 25.613126754760742
37.2, 33.603851318359375
14.8, 22.77503776550293
31.4, 29.106414794921875
35.6, 32.681488037109375
27.6, 29.79046058654785
12.2, 10.12623119354248
25.0, 24.494356155395508
28.0, 26.588787078857422
31.6, 30.90967559814453
14.0, 14.763916969299316
26.6, 30.49056625366211
21.2, 24.868257522583008
16.0, 17.57892608642578
23.8, 25.45303726196289
18.8, 19.258909225463867
32.8, 28.95280647277832
10.6, 9.785789489746094
27.6, 26.53025245666504
23.8, 26.0787296295166
31.4, 29.321001052856445
29.2, 27.462587356567383
26.0, 25.75615692138672
32.2, 31.01795196533203
27.8, 24.592308044433594
29.6, 31.993667602539062
9.0, 9.362421035766602
20.4, 19.47992515563965
33.2, 30.323833465576172
26.0, 30.844505310058594
29.6, 29.32634735107422
23.6, 26.208452224731445
8.0, 8.360539436340332
30.2, 31.930219650268555
31.8, 31.043521881103516
25.6, 24.698627471923828
22.8, 19.112110137939453
32.8, 29.02169418334961
26.8, 28.192432403564453
11.8, 11.762689590454102
16.8, 16.14598274230957
30.2, 27.26789093017578
21.6, 22.838014602661133
25.8, 26.963275909423828
32.6, 33.67283248901367
21.4, 28.507715225219727
26.8, 28.14176368713379
24.2, 28.02914810180664
32.4, 33.87003707885742
27.8, 28.771686553955078
26.0, 25.83734893798828
37.2, 33.950984954833984
14.8, 22.687623977661133
31.4, 29.41370391845703
35.6, 33.0659294128418
27.6, 30.05751609802246
12.2, 10.338356018066406
25.0, 24.711008071899414
28.0, 26.836109161376953
31.6, 31.2493896484375
14.0, 14.633064270019531
26.6, 30.834123611450195
21.2, 25.0413875579834
16.0, 17.53245735168457
23.8, 25.68219757080078
18.8, 19.500822067260742
32.8, 29.30348777770996
10.6, 10.026455879211426
27.6, 26.80072784423828
23.8, 26.318601608276367
31.4, 29.597566604614258
29.2, 27.753620147705078
26.0, 26.01515769958496
32.2, 31.304039001464844
27.8, 24.761016845703125
29.6, 32.20060729980469
9.0, 9.465754508972168
20.4, 19.674339294433594
33.2, 30.4309139251709
26.0, 30.889995574951172
29.6, 29.332910537719727
23.6, 26.218591690063477
8.0, 8.419208526611328
30.2, 31.918148040771484
31.8, 31.045061111450195
25.6, 24.705575942993164
22.8, 19.179107666015625
32.8, 29.006275177001953
26.8, 28.085704803466797
11.8, 11.853158950805664
16.8, 15.97164249420166
30.2, 27.133811950683594
21.6, 22.315595626831055
25.8, 26.776870727539062
32.6, 33.19971466064453
21.4, 28.09419059753418
26.8, 27.770301818847656
24.2, 27.662748336791992
32.4, 33.127864837646484
27.8, 28.310714721679688
26.0, 25.55963134765625
37.2, 33.12087631225586
14.8, 21.551912307739258
31.4, 28.804597854614258
35.6, 32.21453857421875
27.6, 29.259042739868164
12.2, 9.965032577514648
25.0, 24.100961685180664
28.0, 26.340822219848633
31.6, 30.34100914001465
14.0, 13.255769729614258
26.6, 30.12089729309082
21.2, 24.630451202392578
16.0, 16.630224227905273
23.8, 25.4102725982666
18.8, 19.145837783813477
32.8, 29.026283264160156
10.6, 9.881823539733887
27.6, 26.637266159057617
23.8, 26.151817321777344
31.4, 29.38665199279785
29.2, 27.658966064453125
26.0, 25.92696189880371
32.2, 31.24842071533203
27.8, 24.800504684448242
29.6, 32.30537033081055
9.0, 9.423641204833984
20.4, 19.9760684967041
33.2, 30.695758819580078
26.0, 31.21226692199707
29.6, 29.65534210205078
23.6, 26.39620018005371
8.0, 8.401491165161133
30.2, 32.24150848388672
31.8, 31.365814208984375
25.6, 24.860828399658203
22.8, 19.467084884643555
32.8, 29.19801139831543
26.8, 28.211002349853516
11.8, 11.826574325561523
16.8, 16.28776741027832
30.2, 27.263357162475586
21.6, 22.358869552612305
25.8, 26.873638153076172
32.6, 33.36431121826172
21.4, 28.17061996459961
26.8, 27.849943161010742
24.2, 27.762432098388672
32.4, 33.23752212524414
27.8, 28.385128021240234
26.0, 25.633840560913086
37.2, 33.22686004638672
14.8, 21.424808502197266
31.4, 28.881271362304688
35.6, 32.32289505004883
27.6, 29.30774688720703
12.2, 10.021390914916992
25.0, 24.234752655029297
28.0, 26.415979385375977
31.6, 30.349849700927734
14.0, 13.470080375671387
26.6, 30.148412704467773
21.2, 24.552059173583984
16.0, 16.43965721130371
23.8, 25.427051544189453
18.8, 19.200611114501953
32.8, 29.07201385498047
10.6, 9.943126678466797
27.6, 26.65948486328125
23.8, 26.14539909362793
31.4, 29.348005294799805
29.2, 27.69310188293457
26.0, 25.941890716552734
32.2, 31.198381423950195
27.8, 24.845544815063477
29.6, 32.25897216796875
9.0, 9.377037048339844
20.4, 20.086368560791016
33.2, 30.688114166259766
26.0, 31.196155548095703
29.6, 29.626083374023438
23.6, 26.37112808227539
8.0, 8.3339204788208
30.2, 32.233306884765625
31.8, 31.391315460205078
25.6, 24.897111892700195
22.8, 19.591840744018555
32.8, 29.219942092895508
26.8, 28.156869888305664
11.8, 11.673455238342285
16.8, 16.479656219482422
30.2, 27.381874084472656
21.6, 22.416494369506836
25.8, 27.05611801147461
32.6, 33.721778869628906
21.4, 28.427000045776367
26.8, 28.13953399658203
24.2, 28.105199813842773
32.4, 33.7641716003418
27.8, 28.774934768676758
26.0, 25.95144271850586
37.2, 33.86158752441406
14.8, 21.830581665039062
31.4, 29.397430419921875
35.6, 33.00923538208008
27.6, 29.85982322692871
12.2, 10.51281452178955
25.0, 24.797306060791016
28.0, 26.866243362426758
31.6, 30.964767456054688
14.0, 14.410623550415039
26.6, 30.633007049560547
21.2, 24.745769500732422
16.0, 16.52322006225586
23.8, 25.58707618713379
18.8, 19.41598129272461
32.8, 29.175819396972656
10.6, 10.218594551086426
27.6, 26.688629150390625
23.8, 26.08527946472168
31.4, 29.04558753967285
29.2, 27.569164276123047
26.0, 25.883543014526367
32.2, 30.79030990600586
27.8, 24.70458221435547
29.6, 31.799463272094727
9.0, 9.345428466796875
20.4, 19.902259826660156
33.2, 30.352108001708984
26.0, 30.786020278930664
29.6, 29.219886779785156
23.6, 26.166290283203125
8.0, 8.34538745880127
30.2, 32.012752532958984
31.8, 31.2726993560791
25.6, 24.896263122558594
22.8, 19.71712303161621
32.8, 29.257673263549805
26.8, 28.06517791748047
11.8, 11.77795696258545
16.8, 16.437593460083008
30.2, 27.47411346435547
21.6, 22.155616760253906
25.8, 27.18877410888672
32.6, 33.91149139404297
21.4, 28.488605499267578
26.8, 28.27190589904785
24.2, 28.29821014404297
32.4, 33.953514099121094
27.8, 28.98270034790039
26.0, 26.168701171875
37.2, 34.023223876953125
14.8, 21.41361427307129
31.4, 29.486886978149414
35.6, 33.017921447753906
27.6, 29.71122932434082
12.2, 10.61889362335205
25.0, 24.819852828979492
28.0, 26.83409309387207
31.6, 30.727453231811523
14.0, 13.630208969116211
26.6, 30.556671142578125
21.2, 24.47574806213379
16.0, 16.247875213623047
23.8, 25.705598831176758
18.8, 19.69066619873047
32.8, 29.50979995727539
10.6, 10.6023530960083
27.6, 26.959877014160156
23.8, 26.319860458374023
31.4, 29.41342544555664
29.2, 27.92702293395996
26.0, 26.144622802734375
32.2, 31.19963836669922
27.8, 24.993667602539062
29.6, 32.07181930541992
9.0, 9.40057373046875
20.4, 20.354074478149414
33.2, 30.490291595458984
26.0, 30.873950958251953
29.6, 29.285240173339844
23.6, 26.139795303344727
8.0, 8.30633544921875
30.2, 31.9824161529541
31.8, 31.24427604675293
25.6, 24.890592575073242
22.8, 19.83382797241211
32.8, 29.177268981933594
26.8, 27.91087532043457
11.8, 11.911934852600098
16.8, 16.565296173095703
30.2, 27.251583099365234
21.6, 21.66925048828125
25.8, 26.846235275268555
32.6, 33.20169448852539
21.4, 27.952571868896484
26.8, 27.728120803833008
24.2, 27.757049560546875
32.4, 32.96617126464844
27.8, 28.32328224182129
26.0, 25.718355178833008
37.2, 32.97502899169922
14.8, 19.93470001220703
31.4, 28.75004768371582
35.6, 32.057777404785156
27.6, 28.86323356628418
12.2, 10.183181762695312
25.0, 24.116008758544922
28.0, 26.383363723754883
31.6, 29.775699615478516
14.0, 12.851048469543457
26.6, 29.750558853149414
21.2, 23.077238082885742
16.0, 14.903627395629883
23.8, 25.307750701904297
18.8, 18.986591339111328
32.8, 29.173830032348633
10.6, 10.274504661560059
27.6, 26.835641860961914
23.8, 26.200916290283203
31.4, 29.35102653503418
29.2, 28.01547622680664
26.0, 26.221376419067383
32.2, 31.44080352783203
27.8, 25.195466995239258
29.6, 32.45543670654297
9.0, 9.406423568725586
20.4, 20.93951416015625
33.2, 30.8941593170166
26.0, 31.255889892578125
29.6, 29.6070556640625
23.6, 26.21034049987793
8.0, 8.273191452026367
30.2, 31.958080291748047
31.8, 31.1280460357666
25.6, 24.8601131439209
22.8, 19.84825325012207
32.8, 29.00090789794922
26.8, 27.630081176757812
11.8, 11.557533264160156
16.8, 16.610198974609375
30.2, 27.07102394104004
21.6, 21.37894630432129
25.8, 26.77741813659668
32.6, 33.157997131347656
21.4, 28.091110229492188
26.8, 27.910856246948242
24.2, 28.017658233642578
32.4, 33.442684173583984
27.8, 28.706926345825195
26.0, 26.033117294311523
37.2, 33.71558380126953
14.8, 20.751253128051758
31.4, 29.28196907043457
35.6, 32.78693389892578
27.6, 29.500185012817383
12.2, 10.7771577835083
25.0, 24.837736129760742
28.0, 26.81517219543457
31.6, 30.499841690063477
14.0, 14.490762710571289
26.6, 30.184011459350586
21.2, 23.66739273071289
16.0, 15.971539497375488
23.8, 25.378612518310547
18.8, 19.093185424804688
32.8, 29.14170265197754
10.6, 10.569947242736816
27.6, 26.741891860961914
23.8, 26.060630798339844
31.4, 29.047527313232422
29.2, 27.787696838378906
26.0, 26.023109436035156
32.2, 30.926259994506836
27.8, 25.038509368896484
29.6, 31.790172576904297
9.0, 9.342015266418457
20.4, 20.583805084228516
33.2, 30.28354263305664
26.0, 30.61798095703125
29.6, 29.027795791625977
23.6, 25.822010040283203
8.0, 8.284080505371094
30.2, 31.365201950073242
31.8, 30.589006423950195
25.6, 24.678831100463867
22.8, 19.844438552856445
32.8, 28.7398738861084
26.8, 27.310386657714844
11.8, 11.663190841674805
16.8, 16.727294921875
30.2, 26.892988204956055
21.6, 21.228822708129883
25.8, 26.611082077026367
32.6, 32.77866744995117
21.4, 27.911109924316406
26.8, 27.734172821044922
24.2, 27.895244598388672
32.4, 33.11097717285156
27.8, 28.566619873046875
26.0, 25.99118995666504
37.2, 33.54143142700195
14.8, 20.11578369140625
31.4, 29.264392852783203
35.6, 32.791465759277344
27.6, 29.439125061035156
12.2, 11.03870677947998
25.0, 24.980045318603516
28.0, 26.935495376586914
31.6, 30.58843994140625
14.0, 14.300429344177246
26.6, 30.274045944213867
21.2, 23.567962646484375
16.0, 16.30364990234375
23.8, 25.378149032592773
18.8, 18.707679748535156
32.8, 29.085857391357422
10.6, 10.782224655151367
27.6, 26.711538314819336
23.8, 25.864398956298828
31.4, 28.543643951416016
29.2, 27.58074378967285
26.0, 25.869888305664062
32.2, 30.47446060180664
27.8, 25.004003524780273
29.6, 31.37822151184082
9.0, 8.938624382019043
20.4, 20.17484474182129
33.2, 30.37785530090332
26.0, 30.91999053955078
29.6, 29.417057037353516
23.6, 26.136627197265625
8.0, 8.461897850036621
30.2, 32.35698318481445
31.8, 31.678417205810547
25.6, 25.37491226196289
22.8, 20.907079696655273
32.8, 29.81764793395996
26.8, 28.193702697753906
11.8, 12.475603103637695
16.8, 17.974529266357422
30.2, 27.687673568725586
21.6, 21.834583282470703
25.8, 27.050867080688477
32.6, 33.22650146484375
21.4, 27.88182830810547
26.8, 27.635263442993164
24.2, 27.773990631103516
32.4, 32.400054931640625
27.8, 28.25153923034668
26.0, 25.911422729492188
37.2, 32.45945358276367
14.8, 14.803226470947266
31.4, 28.29489517211914
35.6, 31.4183292388916
27.6, 27.866657257080078
12.2, 10.6388521194458
25.0, 24.06731414794922
28.0, 26.240331649780273
31.6, 28.5512752532959
14.0, 9.304957389831543
26.6, 28.919687271118164
21.2, 20.88092803955078
16.0, 13.928182601928711
23.8, 25.189041137695312
18.8, 18.936275482177734
32.8, 29.53853416442871
10.6, 10.872269630432129
27.6, 27.350400924682617
23.8, 26.507946014404297
31.4, 29.81647300720215
29.2, 28.66608238220215
26.0, 26.75578498840332
32.2, 32.26090621948242
27.8, 25.755836486816406
29.6, 33.21837615966797
9.0, 9.527986526489258
20.4, 21.44358253479004
33.2, 31.58437728881836
26.0, 31.96360969543457
29.6, 30.334026336669922
23.6, 26.5322322845459
8.0, 8.232001304626465
30.2, 32.64046096801758
31.8, 31.78510856628418
25.6, 25.334386825561523
22.8, 20.637313842773438
32.8, 29.63204574584961
26.8, 27.990310668945312
11.8, 11.781685829162598
16.8, 17.25674057006836
30.2, 27.439786911010742
21.6, 21.65947914123535
25.8, 26.789608001708984
32.6, 32.7116813659668
21.4, 27.72797203063965
26.8, 27.435142517089844
24.2, 27.522010803222656
32.4, 32.21358871459961
27.8, 28.028270721435547
26.0, 25.7441463470459
37.2, 32.567466735839844
14.8, 16.031461715698242
31.4, 28.358301162719727
35.6, 31.66689682006836
27.6, 28.2434024810791
12.2, 10.375410079956055
25.0, 24.317827224731445
28.0, 26.306640625
31.6, 29.15445327758789
14.0, 12.724732398986816
26.6, 29.084936141967773
21.2, 22.066219329833984
16.0, 14.874430656433105
23.8, 24.899478912353516
18.8, 17.780256271362305
32.8, 28.851003646850586
10.6, 10.334627151489258
27.6, 26.899524688720703
23.8, 26.088809967041016
31.4, 29.073923110961914
29.2, 28.11252212524414
26.0, 26.385066986083984
32.2, 31.38505744934082
27.8, 25.56742286682129
29.6, 32.5468864440918
9.0, 9.380138397216797
20.4, 21.09261703491211
33.2, 31.249387741088867
26.0, 31.65439224243164
29.6, 30.164304733276367
23.6, 26.40047836303711
8.0, 8.322263717651367
30.2, 32.50349426269531
31.8, 31.702959060668945
25.6, 25.396394729614258
22.8, 20.921287536621094
32.8, 29.74614143371582
26.8, 27.934675216674805
11.8, 12.078693389892578
16.8, 16.761262893676758
30.2, 27.445356369018555
21.6, 21.336149215698242
25.8, 26.968751907348633
32.6, 33.12630844116211
21.4, 28.06976318359375
26.8, 27.882932662963867
24.2, 28.081323623657227
32.4, 33.16128921508789
27.8, 28.705656051635742
26.0, 26.251489639282227
37.2, 33.62001037597656
14.8, 15.902619361877441
31.4, 29.007051467895508
35.6, 32.45416259765625
27.6, 28.737648010253906
12.2, 10.862812995910645
25.0, 24.95244026184082
28.0, 26.65754508972168
31.6, 29.513566970825195
14.0, 13.486084938049316
26.6, 29.379535675048828
21.2, 22.185806274414062
16.0, 15.671215057373047
23.8, 25.019847869873047
18.8, 18.65351104736328
32.8, 29.152332305908203
10.6, 10.735872268676758
27.6, 27.026859283447266
23.8, 26.092552185058594
31.4, 29.05307960510254
29.2, 28.122989654541016
26.0, 26.329885482788086
32.2, 31.219860076904297
27.8, 25.571256637573242
29.6, 32.22894287109375
9.0, 9.00086784362793
20.4, 20.920936584472656
33.2, 30.968801498413086
26.0, 31.483243942260742
29.6, 29.9854793548584
23.6, 26.1746826171875
8.0, 8.09190559387207
30.2, 32.218055725097656
31.8, 31.371746063232422
25.6, 25.33745574951172
22.8, 21.01518440246582
32.8, 29.573944091796875
26.8, 27.70025634765625
11.8, 11.515247344970703
16.8, 17.159866333007812
30.2, 27.289987564086914
21.6, 21.252065658569336
25.8, 26.74341583251953
32.6, 32.53717041015625
21.4, 27.745466232299805
26.8, 27.60097885131836
24.2, 27.847177505493164
32.4, 32.623477935791016
27.8, 28.51575469970703
26.0, 26.216157913208008
