83.44, 1.1012319326400757
79.6, 5.739324569702148
78.68, 5.2371320724487305
84.64, 36.50633239746094
81.56, 81.22447204589844
83.68, 117.5193862915039
83.6, 95.00626373291016
77.3, 75.76216125488281
80.22, 23.706911087036133
82.32, 46.76325607299805
83.44, 119.943115234375
79.6, 38.955047607421875
78.68, 15.646221160888672
84.64, 60.78541564941406
81.56, 80.5918197631836
83.68, 78.15916442871094
83.6, 76.56155395507812
77.3, 79.04652404785156
80.22, 32.10797882080078
82.32, 73.96117401123047
83.44, 177.7735137939453
79.6, 56.53813934326172
78.68, 20.06669044494629
84.64, 63.86334991455078
81.56, 70.5171890258789
83.68, 57.45319747924805
83.6, 51.472923278808594
77.3, 47.82057189941406
80.22, 21.30074691772461
82.32, 42.68470764160156
83.44, 82.79810333251953
79.6, 39.96039962768555
78.68, 20.14090347290039
84.64, 75.70442199707031
81.56, 106.03063201904297
83.68, 97.47906494140625
83.6, 94.6512451171875
77.3, 84.84637451171875
80.22, 33.144588470458984
82.32, 66.78752899169922
83.44, 120.6744384765625
79.6, 50.438316345214844
78.68, 22.955352783203125
84.64, 73.06057739257812
81.56, 91.34202575683594
83.68, 79.39937591552734
83.6, 77.71419525146484
77.3, 71.57382202148438
80.22, 31.477611541748047
82.32, 64.67855834960938
83.44, 114.21170806884766
79.6, 53.339881896972656
78.68, 26.05862045288086
84.64, 82.9813461303711
81.56, 106.84814453125
83.68, 90.01081848144531
83.6, 86.8033218383789
77.3, 75.0414047241211
80.22, 32.422645568847656
82.32, 62.18518829345703
83.44, 95.4609146118164
79.6, 49.24688720703125
78.68, 26.17035675048828
84.64, 77.22315979003906
81.56, 101.75345611572266
83.68, 89.1373291015625
83.6, 92.05814361572266
77.3, 81.19561004638672
80.22, 35.910186767578125
82.32, 69.10686492919922
83.44, 98.67252349853516
79.6, 52.89494705200195
78.68, 28.62593650817871
84.64, 78.51315307617188
81.56, 100.7162857055664
83.68, 87.04037475585938
83.6, 91.34233093261719
77.3, 80.05831146240234
80.22, 37.12631607055664
82.32, 70.21969604492188
83.44, 89.80109405517578
79.6, 54.12574768066406
78.68, 31.578310012817383
84.64, 83.78855895996094
81.56, 107.42271423339844
83.68, 90.31856536865234
83.6, 92.63213348388672
77.3, 77.62791442871094
80.22, 37.42340087890625
82.32, 67.19298553466797
83.44, 72.55782318115234
79.6, 52.415916442871094
78.68, 34.44733428955078
84.64, 88.03881072998047
81.56, 111.14940643310547
83.68, 96.57377624511719
83.6, 98.20030212402344
77.3, 79.80015563964844
80.22, 38.38669204711914
82.32, 65.27891540527344
83.44, 65.30016326904297
79.6, 47.62251663208008
78.68, 34.14733123779297
84.64, 75.8818588256836
81.56, 90.55345153808594
83.68, 95.66696166992188
83.6, 109.68682098388672
77.3, 97.20449829101562
80.22, 45.431697845458984
82.32, 79.49977111816406
83.44, 84.3736572265625
79.6, 50.55983352661133
78.68, 34.63405990600586
84.64, 68.07170104980469
81.56, 72.59904479980469
83.68, 81.1562728881836
83.6, 91.49695587158203
77.3, 97.44039916992188
80.22, 52.751609802246094
82.32, 99.70608520507812
83.44, 113.82422637939453
79.6, 58.6212043762207
78.68, 36.35605239868164
84.64, 65.77552032470703
81.56, 61.894107818603516
83.68, 65.51712799072266
83.6, 68.56925201416016
77.3, 75.74958038330078
80.22, 50.228904724121094
82.32, 98.53179168701172
83.44, 124.69660949707031
79.6, 67.22146606445312
78.68, 40.89590835571289
84.64, 82.23948669433594
81.56, 81.8996810913086
83.68, 76.68411254882812
83.6, 73.55623626708984
77.3, 72.21513366699219
80.22, 47.58143997192383
82.32, 83.92747497558594
83.44, 95.50843811035156
79.6, 63.62148666381836
78.68, 43.92451477050781
84.64, 94.02534484863281
81.56, 99.18084716796875
83.68, 91.26514434814453
83.6, 86.1908950805664
77.3, 78.32369232177734
80.22, 50.627052307128906
82.32, 81.57833862304688
83.44, 73.83470153808594
79.6, 59.324275970458984
78.68, 45.99671936035156
84.64, 88.54984283447266
81.56, 90.0711898803711
83.68, 91.89437866210938
83.6, 94.39751434326172
77.3, 87.48663330078125
80.22, 57.145450592041016
82.32, 88.57687377929688
83.44, 70.9593276977539
79.6, 59.49900436401367
78.68, 49.7175178527832
84.64, 82.79594421386719
81.56, 77.9908676147461
83.68, 88.83454132080078
83.6, 95.97135162353516
77.3, 95.09434509277344
80.22, 64.79542541503906
82.32, 96.79669952392578
83.44, 75.75689697265625
79.6, 59.40983963012695
78.68, 51.00875473022461
84.64, 75.55938720703125
81.56, 66.25184631347656
83.68, 81.1898193359375
83.6, 86.24177551269531
77.3, 92.15374755859375
80.22, 71.26236724853516
82.32, 112.17665100097656
83.44, 106.04405212402344
79.6, 65.11682891845703
78.68, 50.211055755615234
84.64, 70.01671600341797
81.56, 55.3060417175293
83.68, 65.72657775878906
83.6, 68.45072174072266
77.3, 71.72946166992188
80.22, 60.61165237426758
82.32, 98.30120849609375
83.44, 125.24552917480469
79.6, 72.0036849975586
78.68, 52.03406524658203
84.64, 85.3807144165039
81.56, 79.27147674560547
83.68, 73.48526763916016
83.6, 67.7940902709961
77.3, 68.31974029541016
80.22, 60.440277099609375
82.32, 86.64750671386719
83.44, 96.7984619140625
79.6, 75.19769287109375
78.68, 57.738197326660156
84.64, 106.02779388427734
81.56, 106.42774200439453
83.68, 81.81275177001953
83.6, 69.50467681884766
77.3, 61.519657135009766
80.22, 53.22654342651367
82.32, 63.608421325683594
83.44, 62.18522262573242
79.6, 59.67612838745117
78.68, 55.20530700683594
84.64, 94.4218521118164
81.56, 106.38763427734375
83.68, 99.47148895263672
83.6, 98.63247680664062
77.3, 83.51296997070312
80.22, 61.726654052734375
82.32, 73.22819519042969
83.44, 69.79185485839844
79.6, 58.740604400634766
78.68, 56.2972526550293
84.64, 79.4677505493164
81.56, 76.56172943115234
83.68, 88.8822021484375
83.6, 103.39952850341797
77.3, 93.54945373535156
80.22, 71.34073638916016
82.32, 85.18767547607422
83.44, 71.17247772216797
79.6, 61.46794509887695
78.68, 59.18968963623047
84.64, 74.24674224853516
81.56, 72.8277587890625
83.68, 80.04476928710938
83.6, 82.59394073486328
77.3, 89.55571746826172
80.22, 81.2453384399414
82.32, 104.62114715576172
83.44, 94.54873657226562
79.6, 69.38497924804688
78.68, 62.331851959228516
84.64, 77.69822692871094
81.56, 73.57658386230469
83.68, 76.41802215576172
83.6, 75.35212707519531
77.3, 72.46857452392578
80.22, 65.6357192993164
82.32, 84.70527648925781
83.44, 99.71308135986328
79.6, 73.75405883789062
78.68, 67.78026580810547
84.64, 94.15432739257812
81.56, 89.21570587158203
83.68, 88.0195541381836
83.6, 81.94356536865234
77.3, 73.24421691894531
80.22, 71.14339447021484
82.32, 79.72747802734375
83.44, 78.72972106933594
79.6, 71.9600830078125
78.68, 74.36148834228516
84.64, 89.55765533447266
81.56, 81.83808898925781
83.68, 86.37251281738281
83.6, 83.58015441894531
77.3, 79.3708724975586
80.22, 87.43254089355469
82.32, 91.8943099975586
83.44, 78.70491790771484
79.6, 75.1607894897461
78.68, 75.9961166381836
84.64, 78.60352325439453
81.56, 73.64061737060547
83.68, 78.61734008789062
83.6, 81.21028900146484
77.3, 77.71604919433594
80.22, 80.97200775146484
82.32, 87.03268432617188
83.44, 94.10411071777344
79.6, 79.68128204345703
78.68, 77.7039794921875
84.64, 87.1529541015625
81.56, 82.47594451904297
83.68, 82.564697265625
83.6, 81.3302001953125
77.3, 74.06018829345703
80.22, 74.11968994140625
82.32, 77.10702514648438
83.44, 82.02027893066406
79.6, 75.38602447509766
78.68, 78.27947998046875
84.64, 89.02066040039062
81.56, 87.28429412841797
83.68, 87.83442687988281
83.6, 86.81929779052734
77.3, 78.4344253540039
80.22, 81.30953979492188
82.32, 78.45660400390625
83.44, 77.5771713256836
79.6, 78.2855453491211
78.68, 79.83448028564453
84.64, 82.78727722167969
81.56, 78.8492431640625
83.68, 82.65345764160156
83.6, 84.56966400146484
77.3, 79.55465698242188
80.22, 85.26728057861328
82.32, 84.96778106689453
83.44, 85.34915924072266
79.6, 82.09523010253906
78.68, 78.56964874267578
84.64, 82.45563507080078
81.56, 77.6506576538086
83.68, 80.37147521972656
83.6, 81.4442138671875
77.3, 75.81610870361328
80.22, 76.49735260009766
82.32, 81.51361846923828
83.44, 88.8920669555664
79.6, 79.75933074951172
78.68, 77.61100769042969
84.64, 88.15850067138672
81.56, 84.81120300292969
83.68, 85.10680389404297
83.6, 83.78748321533203
77.3, 75.85799407958984
80.22, 76.66162872314453
82.32, 78.35952758789062
83.44, 80.56710815429688
79.6, 77.97357177734375
78.68, 78.6456298828125
84.64, 85.89270782470703
81.56, 82.89476013183594
83.68, 85.09036254882812
83.6, 85.19917297363281
77.3, 78.73322296142578
80.22, 83.43860626220703
82.32, 82.40840911865234
83.44, 81.52428436279297
79.6, 80.65929412841797
78.68, 79.20946502685547
84.64, 82.58785247802734
81.56, 78.35250091552734
83.68, 81.45384216308594
83.6, 82.62266540527344
77.3, 77.43136596679688
80.22, 81.12191009521484
82.32, 83.91395568847656
83.44, 87.07225799560547
79.6, 81.04963684082031
78.68, 78.34192657470703
84.64, 85.31805419921875
81.56, 81.51980590820312
83.68, 82.82539367675781
83.6, 82.43399047851562
77.3, 75.86282348632812
80.22, 77.0762710571289
82.32, 80.61878204345703
83.44, 84.13360595703125
79.6, 78.38965606689453
78.68, 78.14421844482422
84.64, 86.83779907226562
81.56, 84.2848892211914
83.68, 85.33013916015625
83.6, 84.55404663085938
77.3, 77.29432678222656
80.22, 80.16819763183594
82.32, 80.70430755615234
83.44, 80.5339126586914
79.6, 78.95614624023438
78.68, 79.12586975097656
84.64, 84.07695770263672
81.56, 80.87799835205078
83.68, 83.57559967041016
83.6, 84.27079010009766
77.3, 78.4139633178711
80.22, 82.90272521972656
82.32, 83.73564910888672
83.44, 83.72901916503906
79.6, 80.37003326416016
78.68, 78.55089569091797
84.64, 83.1192855834961
81.56, 79.43962097167969
83.68, 82.0263671875
83.6, 82.72956085205078
77.3, 77.01535034179688
80.22, 79.30140686035156
82.32, 83.10244750976562
83.44, 86.46456909179688
79.6, 79.96369171142578
78.68, 78.15591430664062
84.64, 85.6959228515625
81.56, 82.41184997558594
83.68, 83.65593719482422
83.6, 83.05461120605469
77.3, 76.27197265625
80.22, 78.30484771728516
82.32, 80.90863037109375
83.44, 82.70023345947266
79.6, 79.05592346191406
78.68, 78.84371185302734
84.64, 85.92220306396484
81.56, 83.10161590576172
83.68, 84.68524932861328
83.6, 84.27333068847656
77.3, 77.49966430664062
80.22, 80.98428344726562
82.32, 81.56023406982422
