0.29037338660110634
0.1348340503995083
0.11923786109403811
0.13402735095267362
0.1427858020897357
0.1442455439459127
0.14977719729563613
0.15292716656422864
0.15419483712354026
0.18108481868469575
0.17232636754763367
0.2017516902274124
0.22230331899200984
0.20006146281499693
0.22061309157959436
0.213660110633067
0.21047172710510142
0.2561462814996927
0.2542255685310387
0.3026659496004917
0.2670943454210203
0.2442378610940381
0.2813460356484327
0.31077135832821146
0.2775046097111248
0.32740473263675474
0.3175322679778734
0.3134219422249539
0.3117701290719115
0.3663183773816841
