0.11820067609096496
0.523740012292563
0.7087046711739398
0.7566840811309158
0.7906422864167179
0.8045098340503996
0.8107329440688383
0.8203365089121082
0.8325138291333744
0.8453057775046097
0.8072756607252612
0.8570221266133989
0.8376229256299939
0.8523740012292563
0.8782267977873387
0.8615165949600492
0.8858328211432084
0.8965119852489244
0.8982790411800861
0.889021204671174
0.8942839582052858
0.8449216349108789
0.9066917639827904
0.9000076828518746
0.8953979717271051
0.8908650891210818
0.9009296250768285
0.9057314074984635
0.8848724646588814
0.9046173939766441
