0.41664105716041794
0.15538567916410573
0.11270743700061463
0.11470497848801475
0.12772741241548863
0.12934081130915795
0.16779348494161034
0.16149354640442531
0.1795482483097726
0.18473417332513828
0.19356945298094652
0.1909956976029502
0.17301782421634912
0.19817916410571604
0.16479717271051014
0.18811462814996927
0.19303165334972341
0.24508297480024585
0.2233020897357099
0.2509219422249539
0.3061616472034419
0.2720497848801475
0.28138444990780576
0.2826521204671174
0.3048555623847572
0.3134219422249539
0.322679778733866
0.3369698832206515
0.3257529194837124
0.3649354640442532
