0.0792102028272895
0.11919944683466503
0.12300245851259987
0.14001997541487401
0.11566533497234173
0.17151966810079902
0.1381760909649662
0.15434849416103258
0.14343884449907807
0.15127535341118623
0.16479717271051014
0.18146896127842654
0.1757836508912108
0.17113552550706823
0.21911493546404426
0.24765673017824216
0.21853872157344806
0.21857713583282115
0.220920405654579
0.26939920098340503
0.27681315304240933
0.27304855562384756
0.29279348494161034
0.36754763368162263
0.32110479409956977
0.2854947756607253
0.3523740012292563
0.3970113706207744
0.3708896742470805
0.4463352796558082
