0.8894053472649047
0.5903887523048555
0.6774354640442533
0.7646742470805162
0.784841733251383
0.8111939151813153
0.7940227412415488
0.8259065765212047
0.8300553165334973
0.8400814382298709
0.8298632452366318
0.8458819913952059
0.8553703134603565
0.8537185003073141
0.8462277197295636
0.8446911493546404
0.857060540872772
0.8572526121696373
0.8615550092194223
0.8680086047940996
0.87350184388445
0.8786493546404426
0.8784188690842041
0.8867547633681623
0.8833743085433313
0.888560233558697
0.8662415488629379
0.8664720344191764
0.8812231100184389
0.8781115550092194
