0.4829056545789797
0.15584665027658268
0.17501536570374923
0.16763982790411802
0.13825291948371235
0.188460356484327
0.14351567301782422
0.21335279655808237
0.19280116779348494
0.18822987092808852
0.16698678549477566
0.260179778733866
0.2507298709280885
0.22433927473878304
0.27884910878918256
0.2062461585740627
0.2864935464044253
0.2513444990780578
0.2787338660110633
0.333320528580209
0.3367778119237861
0.3959741856177013
0.34196373693915183
0.369660417947142
0.346919176398279
0.44095728334357714
0.4600107559926245
0.46638752304855563
0.4010064535955747
0.41940688383527963
