0.3612861094038107
0.12707437000614627
0.1422095881991395
0.1433620159803319
0.14989244007375538
0.1511216963736939
0.1669099569760295
0.15769053472649047
0.17835740626920712
0.20582360172095882
0.22061309157959436
0.2282959434542102
0.247579901659496
0.1988322065150584
0.24120313460356485
0.24911647203441917
0.24028119237861095
0.23932083589428396
0.2841502765826675
0.2618700061462815
0.2736631837738168
0.3567532267977873
0.31169330055316535
0.3337430854333128
0.3308236017209588
0.38794560540872775
0.4206361401352182
0.33020897357098955
0.3434234787953288
0.4237861094038107
