0.8702366318377381
0.5872771972956361
0.6972188076213891
0.755339582052858
0.7721650276582668
0.8095805162876459
0.8211432083589428
0.8105024585125998
0.8330900430239705
0.8379302397049785
0.8124615857406269
0.8364320835894284
0.8508758451137062
0.8470728334357713
0.8558312845728334
0.8445759065765212
0.8330900430239705
0.87549938537185
0.8652427781192379
0.860978795328826
0.8639366933005531
0.8740012292563
0.8682775046097111
0.8766133988936693
0.8772280270436386
0.8752688998156115
0.8732329440688383
0.8862937922556853
0.8760371850030731
0.8655500921942225
