0.08166871542716657
0.12476951444376153
0.14939305470190534
0.15941917639827904
0.13110786724031961
0.1572679778733866
0.1442839582052858
0.14155654578979718
0.14958512599877075
0.1702519975414874
0.1798939766441303
0.18200676090964965
0.20428703134603565
0.1874615857406269
0.19449139520590042
0.2099339274738783
0.21185464044253227
0.2017516902274124
0.26478948985863554
0.22480024585126
0.2658266748617087
0.3266748617086663
0.24151044867854948
0.3007452366318377
0.4076521204671174
0.30354947756607253
0.2728564843269822
0.36462814996926857
0.36412876459741855
0.32652120467117396
