0.9030039950829748
0.4790642286416718
0.6497387830362631
0.7297172710510141
0.7881453595574678
0.7968269821757836
0.7934081130915795
0.8488783036263061
0.8540642286416718
0.8480716041794715
0.8277504609711125
0.8690457897971727
0.8681238475722188
0.8810694529809465
0.8831822372464659
0.8876767055931162
0.8849108789182545
0.8692378610940381
0.893400430239705
0.898740012292563
0.8985863552550707
0.8761908420405654
0.8972418561770129
0.8974339274738783
0.9045021511985248
0.8987015980331899
0.886140135218193
0.9009296250768285
0.9072295636140135
0.9184081130915795
