0.1294176398279041
0.12319452980946527
0.12430854333128458
0.14797172710510142
0.13844499078057776
0.13287492317148125
0.16118623232944068
0.19003534111862325
0.17102028272894898
0.20240473263675476
0.22633681622618315
0.185079901659496
0.20835894283958206
0.1991779348494161
0.2032498463429625
0.226259987707437
0.21907652120467117
0.2269898586355255
0.2318300553165335
0.24642747387830363
0.2790027658266749
0.26778580208973574
0.28503380454824834
0.2759296250768285
0.3000537799631223
0.3077366318377382
0.3006684081130916
0.32740473263675474
0.3792639827904118
0.3348955132145052
