0.4463352796558082
0.13867547633681623
0.11846957590657652
0.12465427166564229
0.14754917025199754
0.16168561770129072
0.17305623847572218
0.1541180086047941
0.16856177012907192
0.1928779963122311
0.19076521204671174
0.18557928703134605
0.1948755377996312
0.21830823601720958
0.21584972341733252
0.24542870313460358
0.27788875230485555
0.28288260602335585
0.2528042409342348
0.27020590043023973
0.2531883835279656
0.28203749231714814
0.30904271665642286
0.34672710510141364
0.2891825445605409
0.3268285187461586
0.2885679164105716
0.40480946527350953
0.3458819913952059
0.3355101413644745
