0.8693146896127842
0.5493623232944069
0.7042102028272895
0.7505762138905961
0.789720344191764
0.8038952059004303
0.8239858635525507
0.7953288260602336
0.8261754763368162
0.8083896742470805
0.8175706822372465
0.840619237861094
0.8355101413644745
0.8343577135832821
0.8549093423478795
0.8676244622003688
0.8670482483097726
0.8437307928703135
0.8686232329440688
0.8690842040565457
0.8645897357098955
0.8401966810079902
0.8834895513214506
0.8771511985248924
0.8595574677320221
0.8902120467117394
0.8781115550092194
0.8544483712354026
0.8705055316533498
0.8874846342962508
