0.34115703749231713
0.12104333128457283
0.11992931776275353
0.1350261216963737
0.13829133374308544
0.1377919483712354
0.163759987707437
0.14593577135832822
0.15438690842040564
0.17866472034419176
0.17647510755992624
0.16372157344806393
0.2022894898586355
0.20505531653349723
0.23002458512599877
0.23013982790411802
0.2490780577750461
0.24435310387215733
0.21788567916410573
0.3162645974185618
0.27270282728948986
0.2807698217578365
0.379840196681008
0.31979870928088505
0.3681622618315919
0.3438076213890596
0.40404118008604795
0.39812538414259374
0.46154732636754764
0.43684695759065767
