0.43684695759065767
0.12338660110633067
0.11958358942839582
0.1333743085433313
0.11570374923171481
0.1448217578365089
0.1314535955746773
0.15177473878303627
0.15730639213275968
0.17685925015365703
0.16176244622003688
0.2017901044867855
0.1682160417947142
0.17947141979102643
0.2551475107559926
0.2387062077443147
0.2450061462814997
0.24097264904732638
0.19994622003687768
0.27854179471419793
0.2985940381069453
0.29813306699446834
0.31096342962507684
0.31611094038106946
0.23955132145052244
0.34653503380454825
0.4389213275968039
0.3826060233558697
0.3418484941610326
0.3775737553779963
