0.8836432083589428
0.5800169022741242
0.7116241548862938
0.7670175169022742
0.7655961893054702
0.7890288875230486
0.8158036263060848
0.8015903503380455
0.8250230485556238
0.8385064535955746
0.8243315918869084
0.833819913952059
0.818838352796558
0.8617470805162877
0.8587123540258144
0.8477258758451137
0.8469960049170252
0.864359250153657
0.8800322679778734
0.852181929932391
0.8663567916410572
0.8567916410571604
0.8757298709280885
0.8587507682851875
0.880800553165335
0.8705823601720959
0.869660417947142
0.8673555623847572
0.8902888752304856
0.8824523663183774
