0.8902120467117394
0.6206976029502151
0.7334818684695759
0.7826137062077443
0.8054317762753535
0.789681929932391
0.7940611555009219
0.7962123540258144
0.8238322065150584
0.8387369391518131
0.8297095881991395
0.8561770129071912
0.8718884449907806
0.8509526736324524
0.8611708666256914
0.87549938537185
0.8596342962507683
0.8659726490473264
0.8770359557467732
0.8806853103872158
0.8655885064535955
0.8672019053472649
0.8691226183159189
0.8850645359557467
0.8730792870313461
0.8762292562999385
0.8847956361401352
0.8815688383527965
0.8774585125998771
0.8848340503995082
