0.38064689612784264
0.11639520590043025
0.10613859864781806
0.11320682237246465
0.10936539643515673
0.11800860479409957
0.1198140749846343
0.1329901659496005
0.13206822372464658
0.15673017824216348
0.15365703749231716
0.18216041794714197
0.18680854333128458
0.19960049170251998
0.18765365703749232
0.24750307314074985
0.1972956361401352
0.17040565457897972
0.18000921942224954
0.2257221880762139
0.2479640442532268
0.3182237246465888
0.26010295021511987
0.31872311001843884
0.29229409956976027
0.4193300553165335
0.36213122311001844
0.32114320835894283
0.34230946527350953
0.3612861094038107
