0.41940688383527963
0.12657498463429626
0.15880454824830978
0.14332360172095882
0.16548862937922557
0.17259526736324524
0.19648893669330056
0.2014059618930547
0.19652735095267362
0.22368623232944068
0.22987092808850645
0.21746312231100184
0.23620928088506454
0.22391671788567916
0.27477719729563616
0.2530731407498463
0.29459895513214507
0.3294022741241549
0.22268746158574063
0.30420251997541486
0.3188383527965581
0.2886063306699447
0.288260602335587
0.32260295021511987
0.31580362630608483
0.34046558082360173
0.3715043023970498
0.3939382298709281
0.34004302397049785
0.4206745543945913
