0.32652120467117396
0.1379840196681008
0.11259219422249539
0.12776582667486172
0.13694683466502766
0.1173939766441303
0.14055777504609712
0.12864935464044253
0.13452673632452367
0.14639674247080517
0.15696066379840196
0.15135218192993238
0.1993700061462815
0.19391518131530425
0.21669483712354026
0.22964044253226798
0.23985863552550707
0.2433159188690842
0.2440457897971727
0.27550706822372467
0.2470421020282729
0.26655654578979715
0.3074677320221266
0.29129532882606024
0.27035955746773205
0.33278272894898586
0.3353564843269822
0.39904732636754764
0.36428242163491087
0.4849416103257529
