0.10356484326982175
0.1264981561155501
0.14213275968039335
0.1350261216963737
0.1461662569145667
0.16249231714812537
0.12588352796558083
0.15100645359557469
0.13644744929317762
0.17067455439459128
0.1761677934849416
0.1704440688383528
0.23083128457283345
0.21930700676090964
0.2613322065150584
0.2548017824216349
0.22725875845113705
0.24320067609096496
0.2583358942839582
0.2964044253226798
0.2357483097725876
0.3172633681622618
0.322679778733866
0.2959818684695759
0.31353718500307315
0.35206668715427164
0.3089658881376767
0.3983942839582053
0.3358174554394591
0.4340811309157959
