0.07755838967424708
0.5361094038106945
0.6974492931776275
0.7697065150583897
0.7670175169022742
0.8091963736939152
0.8259449907805777
0.81399815611555
0.8345881991395205
0.8625153657037492
0.770858942839582
0.8748079287031346
0.8647433927473879
0.8916717885679164
0.8871004917025199
0.8821834665027658
0.8786877688998156
0.891979102642901
0.8824523663183774
0.8852566072526121
0.8982406269207129
0.8834127228027043
0.8958973570989551
0.8956668715427166
0.8930547019053473
0.886140135218193
0.8925169022741242
0.8893285187461586
0.9168331284572834
0.9030039950829748
