0.39101874615857407
0.11009526736324524
0.14324677320221266
0.16560387215734482
0.12807314074984635
0.14635832821143208
0.16940688383527966
0.1563460356484327
0.1810464044253227
0.18223724646588813
0.15404118008604795
0.16206976029502151
0.1979102642901045
0.20582360172095882
0.19779502151198525
0.2273740012292563
0.22875691456668715
0.21339121081745543
0.193799938537185
0.25215119852489243
0.21047172710510142
0.268899815611555
0.2776582667486171
0.3224877074370006
0.2929087277197296
0.29179471419791025
0.310579287031346
0.32905654578979715
0.36097879532882604
0.39078826060233557
