0.06376767055931162
0.13625537799631224
0.14451444376152428
0.14028887523048555
0.17363245236631838
0.14943146896127843
0.19856330669944683
0.14977719729563613
0.17128918254456055
0.18815304240934236
0.1979102642901045
0.2008297480024585
0.2038260602335587
0.20935771358328212
0.2416256914566687
0.23620928088506454
0.25345728334357714
0.23751536570374923
0.2753918254456054
0.26621081745543945
0.26786263060848187
0.28779963122311003
0.3534880147510756
0.30938844499078055
0.32686693300553166
0.34227105101413646
0.3690842040565458
0.43239090350338044
0.434580516287646
0.4107636754763368
