0.8795712968653965
0.5138675476336816
0.7418177627535341
0.7408574062692072
0.7849569760295021
0.8083512599877074
0.8196066379840197
0.8123079287031346
0.8415027658266748
0.8453441917639828
0.8065842040565457
0.8590580823601721
0.8532575291948371
0.833320528580209
0.8585971112476951
0.8591349108789182
0.8601336816226183
0.8640135218192994
0.8598647818070068
0.858520282728949
0.8615165949600492
0.8746542716656422
0.8767670559311617
0.889520590043024
0.8871004917025199
0.885679164105716
0.8694683466502766
0.8877151198524893
0.8810694529809465
0.8843730792870313
