0.8809157959434543
0.558120774431469
0.6961047940995697
0.780539336201598
0.8008988936693301
0.8106177012907191
0.8070451751690227
0.8295175169022742
0.836240012292563
0.8239090350338045
0.8360863552550707
0.8533343577135832
0.8330132145052244
0.843999692685925
0.8747311001843885
0.85079901659496
0.8761524277811924
0.8537185003073141
0.8735786724031961
0.8530654578979717
0.8748847572218807
0.8821450522433928
0.8797249539028887
0.876959127228027
0.8724262446220037
0.8849492931776275
0.878879840196681
0.8763444990780578
0.8728488014751076
0.8902120467117394
