0.8527581438229871
0.5569299323909035
0.7279118008604795
0.7731637984019668
0.7768515673017824
0.8099262446220037
0.7952904118008605
0.8300169022741242
0.8352028272894899
0.854141057160418
0.8479563614013522
0.8555239704978488
0.8560233558696988
0.8421942224953903
0.8527581438229871
0.8454978488014752
0.8654732636754764
0.8683927473878303
0.8713890596189305
0.8671250768285187
0.8642440073755377
0.8698909035033805
0.8600568531038721
0.8847956361401352
0.8729256299938537
0.8859096496619545
0.8804548248309773
0.8833358942839582
0.8787645974185617
0.8783036263060848
