0.8781115550092194
0.5104486785494776
0.7091272280270436
0.770858942839582
0.7546097111247695
0.8076213890596189
0.8041256914566687
0.7945989551321451
0.8411186232329441
0.8254071911493547
0.8390826674861709
0.8525276582667486
0.8356637984019668
0.860940381069453
0.8235248924400738
0.8547940995697603
0.8207590657652121
0.8612476951444377
0.8762676705593117
0.8714274738783037
0.8707360172095882
0.8675476336816226
0.8804548248309773
0.8824523663183774
0.8810694529809465
0.8862937922556853
0.8695451751690227
0.8769975414874002
0.8306699446834666
0.8702366318377381
