0.06169330055316533
0.11132452366318378
0.15131376767055932
0.18634757221880763
0.18146896127842654
0.17539950829748002
0.18757682851874616
0.21415949600491702
0.20482483097725876
0.21150891210817455
0.23286724031960665
0.23763060848186848
0.22157344806392132
0.2650968039336202
0.2531883835279656
0.24807928703134605
0.2401659496004917
0.2956745543945913
0.29087277197295636
0.2916026429010449
0.3073524892440074
0.2985556238475722
0.33301321450522436
0.4087277197295636
0.2670175169022741
0.33796865396435155
0.36827750460971115
0.43446527350952674
0.40703749231714814
0.41664105716041794
