0.4298555623847572
0.12730485556238474
0.13114628149969268
0.1495082974800246
0.133720036877689
0.159880147510756
0.1396742470805163
0.17090503995082976
0.15119852489244007
0.18569452980946527
0.15162108174554395
0.18408113091579595
0.1939920098340504
0.223839889366933
0.2233020897357099
0.22825752919483713
0.2301782421634911
0.2770820528580209
0.21984480639213275
0.3338583282114321
0.2626767055931162
0.3287492317148125
0.27704363859864783
0.3474185617701291
0.3246773202212661
0.3900968039336202
0.3570221266133989
0.3720036877688998
0.4237861094038107
0.40454056545789796
