0.8847956361401352
0.5178242163491088
0.7017516902274125
0.769860172095882
0.8009757221880762
0.7813460356484327
0.8279041180086048
0.8062384757221881
0.8465734480639213
0.833358942839582
0.8331284572833436
0.853680086047941
0.8499154886293793
0.8402735095267363
0.8577904118008605
0.8561770129071912
0.8635141364474493
0.8613629379225568
0.8677397049784881
0.8736555009219422
0.8756530424093424
0.8704287031346035
0.8688921327596804
0.8726951444376152
0.8847188076213891
0.8873693915181315
0.893899815611555
0.8828365089121082
0.8896742470805162
0.8795712968653965
