0.9046173939766441
0.43127688998156116
0.6742086662569146
0.7397818070067609
0.7885295021511985
0.8064305470190535
0.8310540872771973
0.8327827289489859
0.8287876459741856
0.8473033189920098
0.8568684695759066
0.8756914566687154
0.8693915181315304
0.8626306084818685
0.8652811923786109
0.8725414874001229
0.8713506453595574
0.8723110018438844
0.8967040565457898
0.8852181929932391
0.9009680393362016
0.8920943454210203
0.8965503995082975
0.8916717885679164
0.8965119852489244
0.9094191763982791
0.9057314074984635
0.9133758451137062
0.8959741856177013
0.9099185617701291
