0.87450061462815
0.5634987707437
0.7459665027658267
0.721880762138906
0.7890288875230486
0.7978257529194838
0.8072756607252612
0.8239474492931776
0.816379840196681
0.8329748002458512
0.8450752919483713
0.8476874615857406
0.8587891825445605
0.8562922556853104
0.8526429010448678
0.852181929932391
0.8631684081130916
0.8618623232944069
0.8421558082360172
0.8675860479409957
0.8607483097725875
0.8577135832821143
0.8631299938537185
0.8720036877688998
0.8583666256914567
0.8818377381684082
0.8779963122311002
0.8753073140749846
0.879340811309158
0.8894053472649047
