0.09630454824830978
0.12419330055316534
0.14236324523663182
0.13414259373079288
0.1397894898586355
0.14900891210817455
0.15861247695144437
0.17570682237246465
0.1682544560540873
0.19280116779348494
0.2233020897357099
0.20885832821143208
0.19821757836508913
0.2775046097111248
0.21473570989551322
0.19871696373693915
0.25096035648432696
0.3171865396435157
0.24170251997541486
0.27619852489244007
0.30500921942224957
0.26897664413030115
0.23413491087891825
0.33036263060848187
0.2815765212046712
0.40273509526736323
0.4150660725261217
0.4472572218807621
0.38660110633066996
0.3833358942839582
