0.06972188076213891
0.13971266133988935
0.14401505838967424
0.14190227412415488
0.13898279041180087
0.14785648432698217
0.1696757836508912
0.1992163491087892
0.16022587584511372
0.23736170866625692
0.21477412415488628
0.20332667486170866
0.23640135218192992
0.23943607867240319
0.20371081745543945
0.26478948985863554
0.26402120467117396
0.25311155500921945
0.25311155500921945
0.2526505838967425
0.2503841425937308
0.31061770129071914
0.3125768285187462
0.2662492317148125
0.31664874001229254
0.3420021511985249
0.3408497234173325
0.4458358942839582
0.36155500921942224
0.3505301167793485
