0.10917332513829134
0.11501229256299939
0.1305700676090965
0.11823909035033804
0.11470497848801475
0.13064689612784267
0.13656269207129687
0.1618776889981561
0.12484634296250768
0.1591118623232944
0.1732098955132145
0.2015980331899201
0.188959741856177
0.17102028272894898
0.2273740012292563
0.2267977873386601
0.2459280885064536
0.2402043638598648
0.23133066994468346
0.27435464044253227
0.30424093423478793
0.34146435156730176
0.296020282728949
0.304740319606638
0.3160341118623233
0.3541026429010449
0.30812077443146896
0.3156883835279656
0.3725030731407499
0.3234864781807007
