0.9124923171481254
0.4434926244622004
0.6354870928088506
0.769860172095882
0.7547633681622619
0.7617547633681623
0.8068146896127842
0.8099262446220037
0.8305162876459742
0.8610172095881992
0.8468423478795328
0.8597879532882606
0.8394283958205285
0.8642440073755377
0.87649815611555
0.8788030116779348
0.8802243392747388
0.8786109403810695
0.9029655808236017
0.8634373079287031
0.8834511370620775
0.8926705593116164
0.8920943454210203
0.9088045482483098
0.893400430239705
0.9048094652735095
0.9000460971112477
0.8987015980331899
0.9182544560540873
0.9098033189920098
