0.06634142593730794
0.6162415488629379
0.6923017824216349
0.7165027658266748
0.7530347264904733
0.8202980946527351
0.8298632452366318
0.8320912722802705
0.837661339889367
0.7968269821757836
0.8473033189920098
0.829978488014751
0.8786493546404426
0.8713890596189305
0.8676244622003688
0.870159803318992
0.8689689612784266
0.8759219422249539
0.8962046711739398
0.8982406269207129
0.8852950215119852
0.8746158574062692
0.8765365703749232
0.8909419176398279
0.8956668715427166
0.890519360786724
0.9033881376767056
0.9046942224953903
0.892440073755378
0.9124923171481254
