0.12803472649047326
0.1207360172095882
0.12208051628764598
0.13348955132145052
0.14847111247695144
0.16756299938537186
0.14071143208358944
0.1509680393362016
0.1531576521204671
0.17305623847572218
0.14850952673632453
0.16848494161032576
0.20978027043638597
0.19668100799016594
0.18611708666256915
0.2197679778733866
0.2233020897357099
0.20501690227412417
0.21915334972341732
0.22706668715427167
0.2321757836508912
0.24784880147510757
0.25161339889366935
0.256299938537185
0.2499615857406269
0.28011677934849416
0.30039950829748
0.28472649047326365
0.268400430239705
0.29521358328211433
