0.881799323909035
0.5126767055931162
0.7128534111862324
0.7621773202212662
0.7503457283343578
0.8139213275968039
0.7816149354640443
0.8371235402581438
0.8272510755992625
0.832821143208359
0.8330132145052244
0.8206438229870928
0.8421173939766441
0.8392747387830363
0.8539105716041795
0.844998463429625
0.8514136447449293
0.8632836508912108
0.8658958205285802
0.8709280885064536
0.8741933005531654
0.8757298709280885
0.8816456668715427
0.8699293177627535
0.8801475107559926
0.8781499692685925
0.8451905347264905
0.8737323294406883
0.8768054701905347
0.8680086047940996
