0.8824523663183774
0.4584357713583282
0.7037492317148125
0.7596419791026429
0.7886831591886908
0.7990934234787953
0.8257145052243393
0.8106945298094653
0.8171865396435156
0.8105024585125998
0.8317071296865396
0.7847264904732637
0.8417332513829133
0.8562538414259373
0.8295943454210203
0.859480639213276
0.8692762753534112
0.8530654578979717
0.8695835894283959
0.8640903503380455
0.8678549477566072
0.8602873386601106
0.8513368162261832
0.8708128457283344
0.8538337430854334
0.8740780577750461
0.8781883835279656
0.8734250153657037
0.8629763368162262
0.8852181929932391
