0.3833358942839582
0.15219729563614012
0.14443761524277812
0.11101720958819913
0.1593039336201598
0.18542562999385373
0.15473263675476337
0.19856330669944683
0.1711739397664413
0.18838352796558083
0.1991779348494161
0.20851259987707438
0.20017670559311618
0.21135525507068223
0.25656883835279654
0.268400430239705
0.2516518131530424
0.2902581438229871
0.2539182544560541
0.2586816226183159
0.29037338660110634
0.27761985248924403
0.281000307314075
0.29187154271665644
0.29701905347264906
0.38971266133988935
0.3635909649661955
0.3575983405039951
0.334780270436386
0.34115703749231713
