0.8887138905961893
0.4989244007375538
0.6912261831591887
0.7717424708051629
0.8028964351567301
0.7607559926244623
0.8019360786724032
0.8112323294406883
0.8147280270436386
0.8448448063921328
0.8318992009834051
0.8390442532267978
0.8411954517516902
0.8365089121081746
0.8472649047326367
0.8512984019668101
0.8705055316533498
0.8480331899200984
0.8705055316533498
0.861478180700676
0.8336278426551936
0.8785341118623233
0.8789182544560541
0.8772664413030117
0.8680854333128457
0.8901352181929932
0.8693146896127842
0.8817609096496619
0.8769975414874002
0.8527581438229871
