0.07894130301167794
0.13103103872157346
0.1470881991395206
0.15019975414874
0.15046865396435158
0.16360633066994468
0.16441303011677935
0.1721342962507683
0.17098186846957592
0.16794714197910265
0.21919176398279042
0.2229563614013522
0.21339121081745543
0.23647818070067608
0.21331438229870928
0.24085740626920712
0.23878303626306085
0.2496158574062692
0.2950983405039951
0.2928318992009834
0.2760064535955747
0.30504763368162263
0.3219114935464044
0.31703288260602336
0.4000076828518746
0.3399277811923786
0.33043945912722805
0.42612937922556854
0.43746158574062693
0.4298555623847572
