0.42313306699446834
0.1084818684695759
0.1482022126613399
0.15576982175783652
0.13852181929932392
0.14797172710510142
0.12841886908420405
0.17505377996312232
0.17102028272894898
0.21481253841425937
0.21039489858635527
0.22910264290104487
0.2568377381684081
0.27397049784880145
0.22111247695144437
0.24101106330669944
0.24627381684081132
0.28326674861708667
0.34488322065150584
0.2872618315918869
0.32018285187461587
0.3151505838967425
0.27639059618930545
0.39343884449907807
0.3339735709895513
0.3835663798401967
0.3635909649661955
0.43054701905347265
0.37730485556238474
0.3653580208973571
