0.8783036263060848
0.6153964351567301
0.6969499078057775
0.7676705593116164
0.7909111862323295
0.784841733251383
0.8028580208973571
0.8220651505838967
0.797480024585126
0.8343961278426552
0.8499923171481254
0.8207590657652121
0.8343577135832821
0.8518746158574063
0.8400814382298709
0.8476490473263676
0.8565227412415488
0.8566763982790412
0.8552550706822373
0.8662415488629379
0.8701982175783651
0.8751536570374924
0.8610556238475722
0.8836432083589428
0.8702366318377381
0.8847188076213891
0.878879840196681
0.8834511370620775
0.8761908420405654
0.8693146896127842
