0.06146281499692686
0.107559926244622
0.16475875845113705
0.15673017824216348
0.13345113706207745
0.16057160417947142
0.17005992624462202
0.17639827904118008
0.157460049170252
0.18765365703749232
0.20152120467117393
0.21220036877688997
0.2097418561770129
0.24450676090964965
0.21777043638598648
0.25802858020897357
0.24135679164105717
0.25564689612784264
0.22948678549477566
0.27370159803318994
0.2695912722802704
0.2733174554394591
0.2694376152427781
0.2990934234787953
0.34707283343577133
0.3384296250768285
0.35544714197910265
0.37085125998770746
0.3233328211432084
0.3239090350338045
