0.06372925629993853
0.10598494161032575
0.13156883835279656
0.14474492931776275
0.15000768285187463
0.14785648432698217
0.1632221880762139
0.15865089121081746
0.16472034419176398
0.18611708666256915
0.20509373079287033
0.1796634910878918
0.20340350338045482
0.21415949600491702
0.16737092808850645
0.20743700061462814
0.1770897357098955
0.18481100184388444
0.21581130915795943
0.24957744314689612
0.2692839582052858
0.23897510755992624
0.2549938537185003
0.34154118008604795
0.2654041180086048
0.26578826060233557
0.261140135218193
0.2885679164105716
0.35506299938537184
0.29037338660110634
