0.06968346650276583
0.13994314689612783
0.1294176398279041
0.13694683466502766
0.13103103872157346
0.1570759065765212
0.1366779348494161
0.1682544560540873
0.14236324523663182
0.17390135218192992
0.1860018438844499
0.19963890596189304
0.19648893669330056
0.2445835894283958
0.19979256299938536
0.24953902888752305
0.24189459127228027
0.2811923786109404
0.28687768899815613
0.25587738168408114
0.279079594345421
0.3375076828518746
0.3264443761524278
0.3509910878918254
0.3794944683466503
0.3481100184388445
0.33136140135218195
0.4445682237246466
0.4500614628149969
0.42313306699446834
