0.19318531038721573
0.5517824216349109
0.6816226183159189
0.7423171481253842
0.7654425322679779
0.7968653964351567
0.812960971112477
0.8322065150583897
0.8383912108174555
0.843500307314075
0.8646665642286416
0.8419637369391518
0.8628226797787338
0.883720036877689
0.8854102642901045
0.8746926859250154
0.8914413030116779
0.8759987707437
0.8535264290104487
0.8852181929932391
0.8956668715427166
0.8904425322679779
0.8914028887523049
0.8960125998770744
0.9070374923171481
0.9046942224953903
0.9021972956361402
0.8980101413644745
0.8896742470805162
0.9010064535955746
