0.3775737553779963
0.12622925629993853
0.13606330669944683
0.1342578365089121
0.14993085433312844
0.1333358942839582
0.15530885064535957
0.17397818070067608
0.16160878918254457
0.1939920098340504
0.18331284572833437
0.1622618315918869
0.21780885064535957
0.1924938537185003
0.2062077443146896
0.22522280270436387
0.24323909035033806
0.3595958819913952
0.2544176398279041
0.28534111862323297
0.2218039336201598
0.3074677320221266
0.2760064535955747
0.25898893669330053
0.29990012292563
0.26962968653964353
0.29963122311001844
0.4388060848186847
0.40212046711739396
0.38064689612784264
