0.9063460356484327
0.48839889366933004
0.6815842040565457
0.7406269207129687
0.779540565457898
0.8193377381684082
0.823640135218193
0.8000153657037492
0.8375845113706207
0.8474185617701291
0.8422710510141365
0.8522971727105101
0.8577904118008605
0.8579824830977258
0.8736170866625691
0.8635141364474493
0.8879840196681008
0.8851029502151199
0.902619852489244
0.8960125998770744
0.9002765826674862
0.905039950829748
0.8948985863552551
0.9056161647203442
0.9060387215734481
0.9148355869698832
0.8931699446834666
0.9005454824830977
0.9065381069452981
0.9137215734480639
