0.4340811309157959
0.13375845113706208
0.13898279041180087
0.11985248924400738
0.11485863552550707
0.1678703134603565
0.176359864781807
0.16537338660110634
0.17570682237246465
0.1860018438844499
0.16594960049170251
0.19264751075599262
0.21535033804548248
0.19737246465888136
0.23286724031960665
0.31203902888752305
0.2757375537799631
0.28879840196681006
0.281999078057775
0.3084280885064536
0.2745851259987707
0.2965964966195452
0.38387369391518134
0.40154425322679776
0.3714658881376767
0.398240626920713
0.49193300553165337
0.38437307928703135
0.4154502151198525
0.3788414259373079
