0.9010064535955746
0.40019975414874004
0.7141979102642901
0.7490012292563
0.7759680393362016
0.8161109403810695
0.8171097111247695
0.8128073140749846
0.8003995082974801
0.8579440688383528
0.8536032575291949
0.8519514443761524
0.8564843269821758
0.8827980946527351
0.8839505224339275
0.881799323909035
0.857060540872772
0.8854486785494776
0.8774585125998771
0.8708512599877074
0.9030039950829748
0.8970881991395205
0.8928242163491088
0.8760755992624463
0.9180623847572219
0.9015442532267978
0.9106484326982176
0.8932467732022127
0.902158881376767
0.9140288875230486
