0.4107636754763368
0.1268438844499078
0.13383527965580824
0.12753534111862325
0.1418638598647818
0.17382452366318377
0.17586047940995697
0.16982944068838352
0.16698678549477566
0.1997541487400123
0.19522126613398894
0.24642747387830363
0.23106177012907192
0.21427473878303627
0.19353103872157346
0.2724339274738783
0.3171481253841426
0.2579133374308543
0.2767363245236632
0.24934695759065764
0.31153964351567304
0.25211278426551936
0.3078518746158574
0.30312692071296865
0.31422864167178854
0.38187615242778117
0.3616318377381684
0.3376613398893669
0.3969345421020283
0.44871696373693915
