0.864820221266134
0.6103641671788568
0.6693300553165334
0.722841118623233
0.7930623847572219
0.782959434542102
0.7919099569760295
0.8026275353411186
0.8084665027658267
0.8201060233558697
0.8334357713583282
0.8176859250153657
0.85029963122311
0.8520666871542717
0.8680854333128457
0.8436923786109404
0.8447679778733866
0.8486478180700676
0.8630915795943455
0.8522587584511371
0.8625921942224954
0.8679317762753535
0.8774200983405039
0.8667025199754149
0.8871773202212662
0.8719268592501537
0.8489551321450522
0.886639520590043
0.8862169637369391
0.881799323909035
