0.8874846342962508
0.5966502765826674
0.6810079901659496
0.7342885679164106
0.748540258143823
0.7888752304855562
0.8322065150583897
0.8242547633681623
0.8398509526736324
0.818300553165335
0.8402350952673633
0.8512215734480639
0.8315150583896742
0.8426551936078672
0.8421558082360172
0.866779348494161
0.8415795943454211
0.8732329440688383
0.8715427166564229
0.8725030731407498
0.8629763368162262
0.87350184388445
0.8685079901659496
0.8774585125998771
0.8419253226797787
0.8796097111247695
0.8801090964966195
0.8756146281499693
0.8827980946527351
0.8836432083589428
