0.8932851874615857
0.5628457283343578
0.7241856177012908
0.7523048555623848
0.7801936078672403
0.7951751690227412
0.8077366318377381
0.8242163491087892
0.8427320221266134
0.7909496004917025
0.8234480639213276
0.847380147510756
0.8250230485556238
0.8456515058389674
0.8351644130301168
0.8572141979102643
0.8599416103257529
0.8720805162876459
0.8544483712354026
0.8351259987707437
0.8709280885064536
0.8789566687154272
0.8759219422249539
0.864359250153657
0.8670482483097726
0.8656269207129687
0.8804164105716041
0.8848340503995082
0.8831822372464659
0.8809157959434543
