0.4237861094038107
0.1210817455439459
0.1409419176398279
0.12784265519360788
0.12884142593730794
0.13913644744929318
0.1402504609711125
0.17148125384142593
0.1524277811923786
0.1708282114320836
0.1594960049170252
0.1791641057160418
0.19356945298094652
0.22668254456054088
0.21535033804548248
0.2254917025199754
0.25122925629993853
0.2849953902888752
0.26843884449907807
0.27681315304240933
0.27385525507068226
0.27738936693300553
0.36601106330669947
0.35222034419176396
0.41364474492931774
0.40588506453595574
0.3567532267977873
0.45129071911493546
0.3554087277197296
0.4829056545789797
