0.15676859250153657
0.60029963122311
0.7072833435771358
0.7728948985863553
0.7998232944068838
0.8138060848186847
0.8327827289489859
0.8294022741241549
0.8439612784265519
0.8141518131530424
0.853680086047941
0.8397741241548863
0.8642440073755377
0.8602873386601106
0.8731177012907191
0.8737707437000615
0.875960356484327
0.8773816840811309
0.8978948985863553
0.876959127228027
0.8959357713583282
0.8885986478180701
0.9020820528580209
0.896319913952059
0.8915565457897972
0.8892516902274125
0.9012753534111863
0.8957052858020897
0.8923248309772588
0.9063460356484327
