0.12669022741241548
0.12415488629379226
0.09603564843269821
0.12991702519975415
0.16264597418561771
0.17958666256914566
0.16610325752919483
0.15734480639213275
0.1925322679778734
0.18630915795943453
0.19026582667486172
0.2082437000614628
0.21650276582667485
0.22445451751690226
0.2357098955132145
0.2682467732022127
0.22602950215119852
0.22714351567301783
0.26137062077443146
0.2564920098340504
0.2589121081745544
0.24062692071296865
0.2784265519360787
0.31054087277197295
0.316840811309158
0.39897049784880145
0.3268285187461586
0.35321911493546404
0.3766518131530424
0.39101874615857407
