0.3505301167793485
0.1589582052858021
0.14605101413644744
0.1452059004302397
0.13617854947756608
0.17263368162261833
0.14970036877688997
0.1485863552550707
0.15181315304240933
0.17263368162261833
0.17232636754763367
0.18292870313460358
0.19629686539643515
0.21619545175169022
0.1991779348494161
0.24896281499692685
0.19449139520590042
0.27454671173939765
0.23152274124154887
0.2615242778119238
0.28795328826060235
0.27919483712354026
0.27677473878303627
0.29590503995082973
0.32786570374923174
0.36270743700061464
0.32521511985248924
0.33627842655193607
0.3640135218192993
0.3388137676705593
