0.8680086047940996
0.5372618315918869
0.6909956976029502
0.7561462814996927
0.781000307314075
0.8041641057160418
0.7766210817455439
0.7997848801475107
0.832859557467732
0.8075061462814997
0.8359711124769514
0.8299016594960049
0.8519514443761524
0.8353564843269822
0.8317071296865396
0.838160725261217
0.8703134603564844
0.8554087277197295
0.8652811923786109
0.8742317148125384
0.8755377996312231
0.8691226183159189
0.870159803318992
0.8774969268592502
0.8643976644130301
0.8662415488629379
0.8773432698217578
0.8915181315304241
0.8810694529809465
0.8742317148125384
