0.07755838967424708
0.1290719114935464
0.12307928703134603
0.16276121696373694
0.12135064535955747
0.17808850645359559
0.17812692071296865
0.1629917025199754
0.16310694529809466
0.176359864781807
0.16475875845113705
0.1967962507682852
0.21930700676090964
0.22910264290104487
0.2277581438229871
0.21535033804548248
0.2387062077443147
0.26271511985248924
0.22445451751690226
0.23993546404425323
0.23874462200368776
0.23305931161647203
0.2628303626306085
0.25157498463429623
0.2521896127842655
0.2670943454210203
0.30685310387215736
0.2854947756607253
0.3117701290719115
0.32928703134603565
